v   0.000000e+00   0.000000e+00   2.893730e-01
v   7.342140e-01   0.000000e+00   0.000000e+00
v   0.000000e+00   4.104200e-01   0.000000e+00
v  -8.202460e-01   0.000000e+00   0.000000e+00
v   0.000000e+00  -4.391400e-01   0.000000e+00
v   0.000000e+00   0.000000e+00  -3.752060e-01
v  -6.498530e-01  -3.479150e-01   0.000000e+00
v  -7.151360e-01   3.578270e-01   0.000000e+00
v  -5.875470e-01   0.000000e+00  -2.687620e-01
v  -4.890650e-01   2.447100e-01  -2.565940e-01
v  -7.372410e-01   0.000000e+00   2.600900e-01
v   5.425650e-01  -3.245130e-01   0.000000e+00
v  -6.065860e-01   3.035130e-01   2.454490e-01
v   5.780940e-01   3.231500e-01   0.000000e+00
v  -4.623460e-01  -2.475290e-01  -2.669450e-01
v   6.435960e-01   0.000000e+00  -3.288970e-01
v  -5.498010e-01  -2.943500e-01   2.448210e-01
v   7.267890e-01   0.000000e+00   2.864460e-01
v   4.542410e-01   2.539180e-01  -2.948210e-01
v  -4.173270e-01   0.000000e+00   3.110320e-01
v   4.441080e-01  -2.656250e-01  -3.071190e-01
v   4.790190e-01   0.000000e+00   3.795170e-01
v   5.681880e-01   3.176130e-01   2.844150e-01
v  -3.812880e-01   4.096050e-01   0.000000e+00
v   5.381790e-01  -3.218900e-01   2.870340e-01
v  -3.211010e-01   1.606670e-01   2.831120e-01
v  -3.300820e-01   3.884960e-01   1.335640e-01
v  -3.873050e-01  -4.690770e-01   0.000000e+00
v   3.393310e-01   1.896840e-01   3.426750e-01
v   4.086860e-01   0.000000e+00  -4.471080e-01
v   3.751670e-01   4.807100e-01   1.877950e-01
v   3.244460e-01  -1.940540e-01   3.474920e-01
v  -2.800080e-01  -1.499100e-01   2.720600e-01
v   3.317420e-01  -4.691110e-01   1.769320e-01
v  -3.411700e-01  -4.551560e-01   1.519200e-01
v  -3.113910e-01   0.000000e+00  -3.412930e-01
v   3.219930e-01   4.085920e-01   0.000000e+00
v   0.000000e+00  -2.799630e-01  -2.392030e-01
v  -2.788900e-01   3.735890e-01  -1.463230e-01
v  -2.707100e-01  -4.020540e-01  -1.563000e-01
v   2.432250e-01  -3.859790e-01  -1.682000e-01
v   2.448740e-01   3.581340e-01  -1.589330e-01
v  -2.496660e-01   1.249240e-01  -3.225320e-01
v   0.000000e+00   3.115780e-01  -2.848450e-01
v   3.070020e-01  -4.321020e-01   0.000000e+00
v  -2.390850e-01  -1.280000e-01  -3.320640e-01
v   2.268520e-01  -4.427290e-01   2.429660e-01
v   2.591260e-01   4.582610e-01   2.616790e-01
v   1.395100e-01   2.467230e-01   2.966800e-01
v   2.988550e-01   1.670580e-01  -4.408250e-01
v   0.000000e+00  -3.611830e-01   2.380030e-01
v   2.698090e-01  -1.613750e-01  -4.145320e-01
v  -1.653230e-01   2.214590e-01  -3.091570e-01
v   6.952770e-01   2.125400e-01   2.496130e-01
v   6.774000e-01  -2.151800e-01   2.516530e-01
v   0.000000e+00   3.392000e-01   2.391580e-01
v   1.278790e-01  -2.495710e-01   3.000860e-01
v  -2.024550e-01   3.600710e-01   1.785030e-01
v   2.765970e-01   0.000000e+00   3.862330e-01
v  -1.788320e-01  -3.762070e-01   1.737560e-01
v   1.786620e-01   2.612970e-01  -3.897110e-01
v   6.329480e-01  -1.731630e-01  -1.755030e-01
v   7.074620e-01  -1.808640e-01   1.596480e-01
v   6.391480e-01   1.690620e-01  -1.720680e-01
v  -7.566830e-01   2.078490e-01  -1.561140e-01
v  -2.485600e-01  -2.835830e-01  -2.721080e-01
v   7.318660e-01   1.812440e-01   1.606590e-01
v   2.660780e-01  -3.268770e-01  -3.273170e-01
v  -6.711350e-01  -1.887010e-01  -1.457700e-01
v  -7.516110e-01  -1.885220e-01   1.409320e-01
v  -8.376880e-01   2.063840e-01   1.500120e-01
v   1.886510e-01   4.481010e-01   9.443200e-02
v  -1.830840e-01   0.000000e+00   2.634020e-01
v   2.065180e-01   0.000000e+00  -4.155340e-01
v   1.860010e-01   1.039730e-01   3.464500e-01
v  -1.582490e-01  -3.710870e-01   0.000000e+00
v  -7.523350e-01  -1.780480e-01   0.000000e+00
v   1.812180e-01  -1.083880e-01   3.557170e-01
v  -1.924790e-01   4.139590e-01   0.000000e+00
v   1.874930e-01  -5.133220e-01   9.999800e-02
v   6.764950e-01  -1.719420e-01   0.000000e+00
v  -1.421540e-01  -3.726210e-01   6.330000e-02
v  -8.472340e-01   1.974520e-01   0.000000e+00
v   1.338960e-01   4.488680e-01   1.352160e-01
v  -1.461330e-01   2.274890e-01   2.376850e-01
v   9.240800e-02   4.352740e-01   1.965130e-01
v   0.000000e+00  -1.870060e-01   2.730540e-01
v  -5.645080e-01   1.673340e-01   3.068020e-01
v  -6.577950e-01   3.291360e-01  -1.401650e-01
v  -1.499540e-01   7.503100e-02   2.673500e-01
v   6.815560e-01   1.678300e-01   0.000000e+00
v   4.052680e-01   3.458930e-01  -1.539240e-01
v  -1.713980e-01   4.148460e-01   6.935500e-02
v  -7.511670e-01   0.000000e+00  -1.434050e-01
v  -4.858060e-01  -4.097340e-01  -1.526310e-01
v  -1.291860e-01  -2.358000e-01   2.353240e-01
v  -5.336730e-01   3.852440e-01   1.325980e-01
v  -6.608890e-01  -1.511470e-01   2.592690e-01
v   4.042710e-01  -3.655320e-01  -8.653500e-02
v   1.595140e-01   8.916700e-02  -4.355560e-01
v   3.005780e-01   2.903300e-01  -3.315510e-01
v   5.433390e-01   1.647920e-01   3.444780e-01
v   1.556590e-01  -2.546180e-01  -3.771550e-01
v   0.000000e+00   1.732190e-01   2.699040e-01
v  -5.440010e-01  -4.431780e-01   1.421210e-01
v  -5.930240e-01  -3.174910e-01  -1.423350e-01
v   7.117590e-01   0.000000e+00  -1.699040e-01
v   5.395940e-01  -1.707530e-01   3.535860e-01
v  -5.689030e-01   3.981990e-01   0.000000e+00
v  -3.689530e-01  -3.593820e-01   2.518250e-01
v   5.780610e-01  -1.411670e-01  -3.380110e-01
v   1.316480e-01  -5.117700e-01   1.409990e-01
v   4.201580e-01   3.942230e-01   3.119410e-01
v  -7.215440e-01   1.629660e-01   2.714400e-01
v   6.308420e-01   1.141780e-01   3.379740e-01
v  -5.106170e-01  -1.554090e-01   2.934750e-01
v   4.951460e-01  -2.961510e-01  -1.541220e-01
v   5.254220e-01   2.937070e-01  -1.500530e-01
v   0.000000e+00   1.836550e-01  -3.890560e-01
v  -6.170460e-01   0.000000e+00   3.052300e-01
v   3.613820e-01  -3.652240e-01   2.888160e-01
v  -4.888850e-01   3.675340e-01  -1.441310e-01
v   1.616910e-01   4.112730e-01   0.000000e+00
v  -4.967830e-01   2.485710e-01   2.830480e-01
v  -5.485190e-01   3.899720e-01  -7.399100e-02
v   6.232390e-01  -1.159690e-01   3.401620e-01
v   5.846940e-01   1.352330e-01  -3.321840e-01
v   5.046160e-01   4.255300e-01   9.941100e-02
v  -1.193340e-01  -6.388900e-02   2.392720e-01
v  -1.377860e-01   3.385070e-01  -2.130190e-01
v  -1.428070e-01   4.014570e-01  -7.492600e-02
v   9.881200e-02   1.445140e-01  -4.230490e-01
v   1.190950e-01  -7.123200e-02  -3.485950e-01
v  -1.093420e-01  -3.397650e-01  -6.313100e-02
v  -4.035680e-01   1.233760e-01  -3.014380e-01
v  -1.583350e-01   0.000000e+00  -3.643240e-01
v   0.000000e+00  -1.616010e-01  -3.546510e-01
v   4.462900e-01  -4.051050e-01   9.031500e-02
v  -4.832650e-01   3.570360e-01   1.955480e-01
v  -1.190220e-01  -2.998610e-01  -1.738900e-01
v  -4.420550e-01  -2.366660e-01   2.753520e-01
v   1.722000e-01  -4.886850e-01   0.000000e+00
v  -2.858810e-01   2.696310e-01  -2.535910e-01
v   6.382360e-01  -2.823460e-01   1.316550e-01
v   4.704680e-01  -1.465390e-01  -4.160900e-01
v   0.000000e+00   3.790200e-01  -1.495320e-01
v   1.322510e-01  -4.486490e-01  -9.145700e-02
v   4.665720e-01   1.372900e-01  -4.011500e-01
v  -3.927120e-01  -1.256340e-01  -3.087130e-01
v   7.293600e-02  -1.193050e-01  -3.525300e-01
v  -1.240820e-01  -2.117280e-01  -2.964810e-01
v   6.714270e-01   2.824610e-01   1.316170e-01
v   1.229930e-01   3.860210e-01  -7.982700e-02
v   1.476300e-01   0.000000e+00   3.605950e-01
v   3.246550e-01   3.515020e-01   3.278540e-01
v  -5.726620e-01  -8.027700e-02   3.028980e-01
v  -6.914770e-01   1.069180e-01  -2.185580e-01
v  -5.531380e-01  -4.357190e-01   0.000000e+00
v  -6.506410e-01   2.363670e-01  -2.155530e-01
v   0.000000e+00  -3.647920e-01  -1.213450e-01
v   5.747950e-01  -3.437900e-01   1.526590e-01
v   2.826290e-01  -3.264530e-01   3.027040e-01
v   7.660990e-01   0.000000e+00   1.502020e-01
v  -4.567430e-01   0.000000e+00  -3.099640e-01
v   6.225510e-01   3.480010e-01   1.544670e-01
v   1.424850e-01  -3.249640e-01  -3.033730e-01
v  -9.026200e-02   1.209110e-01  -3.736440e-01
v  -1.311350e-01   6.561500e-02  -3.664810e-01
v   7.029100e-02   1.243090e-01   2.952770e-01
v  -1.225170e-01  -1.474160e-01   2.385130e-01
v  -7.579200e-01  -9.589800e-02  -7.408000e-02
v   6.761300e-02  -1.319550e-01   3.116630e-01
v  -4.874250e-01  -4.100330e-01   2.170460e-01
v   1.283510e-01   3.510300e-01  -2.326060e-01
v  -5.324560e-01  -1.255350e-01  -2.716850e-01
v   4.399600e-01  -4.000460e-01   2.346490e-01
v  -3.669400e-01   1.836030e-01  -2.876620e-01
v  -7.510700e-02   1.169210e-01   2.708880e-01
v   1.332600e-01  -3.648620e-01  -2.232110e-01
v  -1.218610e-01  -6.524100e-02  -3.604930e-01
v  -1.088530e-01   4.142670e-01   9.597500e-02
v  -7.011050e-01   3.508070e-01   1.301980e-01
v  -8.252980e-01   0.000000e+00   1.378190e-01
v  -3.618590e-01   3.051670e-01   2.315450e-01
v   3.490180e-01  -3.308750e-01  -2.413600e-01
v   6.420850e-01  -2.595900e-01   8.200400e-02
v   5.039950e-01   4.265100e-01   2.522820e-01
v   3.631210e-01   3.179000e-01  -2.356800e-01
v  -4.004620e-01   3.224210e-01  -2.101080e-01
v   4.785200e-01   3.890220e-01   0.000000e+00
v  -4.100830e-01  -3.633870e-01  -2.367700e-01
v  -6.529520e-01  -3.495750e-01   1.332520e-01
v   4.729710e-01   2.643870e-01   3.268200e-01
v  -7.569350e-01   2.672340e-01   2.072590e-01
v  -8.162600e-01   1.075880e-01  -8.080900e-02
v  -2.626150e-01  -3.011200e-01   2.551600e-01
v   7.042980e-01  -8.920600e-02  -9.041100e-02
v   6.338830e-01   0.000000e+00   3.500910e-01
v  -5.620090e-01   1.277420e-01  -2.742450e-01
v  -4.333760e-01   3.339000e-01   2.183550e-01
v   6.692000e-01   2.576730e-01   8.207300e-02
v  -7.223000e-02   3.926010e-01  -1.116680e-01
v   5.479920e-01   0.000000e+00  -4.041170e-01
v  -3.538810e-01  -1.894590e-01  -3.022080e-01
v   6.865300e-02  -3.782330e-01  -1.716500e-01
v   7.002430e-01   8.620000e-02  -8.773300e-02
v   4.299930e-01  -3.829470e-01   0.000000e+00
v   2.250770e-01   3.291800e-01  -2.915630e-01
v   1.662650e-01   4.230050e-01   2.626460e-01
v  -8.426500e-02  -3.841870e-01   8.187300e-02
v   4.525600e-01  -2.706800e-01   3.328920e-01
v  -8.551510e-01   1.064520e-01   7.737500e-02
v  -8.110060e-01   1.062770e-01   2.111810e-01
v  -2.667490e-01   2.653140e-01   2.351910e-01
v  -2.622240e-01  -4.338260e-01   7.976700e-02
v  -1.145620e-01  -2.597390e-01  -2.356640e-01
v   0.000000e+00  -4.616360e-01   1.372830e-01
v  -6.756990e-01  -2.507090e-01   2.002850e-01
v   4.109480e-01  -9.925300e-02   3.718430e-01
v  -2.276400e-01   3.049370e-01  -2.334140e-01
v   5.171060e-01   7.039600e-02  -4.056620e-01
v   0.000000e+00   4.224830e-01   1.347880e-01
v  -2.840800e-01  -4.374890e-01   0.000000e+00
v   5.889930e-01  -2.493620e-01  -8.793600e-02
v  -5.811160e-01  -2.236470e-01  -2.115920e-01
v   5.465140e-01  -2.226480e-01  -2.448900e-01
v  -6.154610e-01   1.833170e-01  -2.477150e-01
v   5.209400e-01  -7.452700e-02  -4.144940e-01
v   1.217440e-01   3.664900e-01  -1.533590e-01
v  -8.093690e-01   2.940800e-01   7.819000e-02
v   2.173700e-01   3.844170e-01   3.044650e-01
v   4.239720e-01  -3.154160e-01  -1.967260e-01
v  -7.978640e-01  -9.569200e-02   7.153600e-02
v  -6.761540e-01   8.691700e-02   2.944550e-01
v  -4.563480e-01   1.690160e-01   3.039780e-01
v   7.341000e-01  -9.209600e-02   8.129300e-02
v  -1.184370e-01  -1.434620e-01  -3.401820e-01
v   7.465060e-01   9.228700e-02   8.180500e-02
v   1.170920e-01  -4.149450e-01   2.482550e-01
v  -6.476470e-01  -9.709500e-02  -2.132950e-01
v  -3.056640e-01   0.000000e+00   2.924390e-01
v   6.001290e-01   2.426720e-01  -8.483400e-02
v   4.227290e-01   9.798300e-02   3.730570e-01
v   5.664140e-01   2.191180e-01  -2.418650e-01
v  -7.158210e-01  -2.739940e-01   7.198400e-02
v  -5.003010e-01  -6.412100e-02  -2.947290e-01
v  -2.485500e-01  -4.256860e-01   1.106770e-01
v   5.022650e-01   3.417230e-01  -7.861900e-02
v   5.139210e-01  -3.795120e-01   1.969870e-01
v  -5.777540e-01  -3.854460e-01  -7.765000e-02
v  -4.069040e-01  -1.571360e-01   2.910590e-01
v   6.623630e-01  -8.985000e-02  -2.617190e-01
v   6.662130e-01   8.780500e-02  -2.601840e-01
v   3.869390e-01   2.162960e-01  -3.779720e-01
v   3.908110e-01  -2.337480e-01  -3.950450e-01
v  -3.317650e-01  -2.603630e-01   2.678230e-01
v  -6.440610e-01   3.832310e-01   6.838600e-02
v   1.000070e-01  -5.080360e-01   5.333800e-02
v   1.830500e-01  -3.572440e-01   2.802280e-01
v  -5.110670e-01   6.361900e-02  -2.940230e-01
v   7.119860e-01  -1.091060e-01   2.728400e-01
v  -7.600210e-01  -9.623600e-02   2.047120e-01
v   5.712030e-01   3.956790e-01   2.043640e-01
v  -5.015620e-01   8.548100e-02   3.156150e-01
v   6.994300e-02  -4.637910e-01   2.013600e-01
v   3.845740e-01   2.956660e-01   3.314700e-01
v   7.364540e-01  -9.287000e-02   2.290590e-01
v  -5.910030e-01   2.957160e-01  -2.044590e-01
v   9.444200e-02  -5.648700e-02   3.361900e-01
v   7.528690e-01   9.354700e-02   2.307680e-01
v   9.649600e-02   5.394100e-02   3.298630e-01
v  -7.676780e-01   2.950480e-01  -8.142700e-02
v   1.293360e-01   3.803350e-01   2.750440e-01
v   4.691300e-02   4.293330e-01   9.976400e-02
v   7.286760e-01   1.089070e-01   2.746800e-01
v  -6.704680e-01  -2.723600e-01  -7.398600e-02
v  -3.713950e-01  -2.774660e-01  -2.816150e-01
v   4.411190e-01  -1.862450e-01   3.579220e-01
v  -5.335700e-02  -3.024160e-01  -1.475340e-01
v   3.461880e-01  -8.233800e-02  -4.396340e-01
v  -3.986670e-01  -4.277940e-01  -1.628000e-01
v   2.381890e-01   3.069820e-01   3.204830e-01
v   9.311700e-02   4.237600e-01   4.661100e-02
v   9.155900e-02   2.935810e-01  -3.456890e-01
v  -4.848760e-01  -4.749570e-01   7.399400e-02
v   2.414420e-01   2.200450e-01   3.223760e-01
v  -2.586840e-01   8.243400e-02   2.804020e-01
v  -9.992100e-02   3.451240e-01   2.061350e-01
v   2.879760e-01   4.744010e-01   1.441500e-01
v   9.703300e-02   0.000000e+00  -3.715310e-01
v  -3.854420e-01   3.720620e-01  -1.458150e-01
v   2.272500e-01  -2.228790e-01   3.253450e-01
v   8.061900e-02  -2.768710e-01  -3.192250e-01
v   2.065140e-01  -4.348100e-01  -8.361500e-02
v   4.232310e-01   4.270770e-01   5.089900e-02
v  -7.691020e-01   1.060170e-01  -1.527750e-01
v   3.576250e-01   4.561880e-01   9.633400e-02
v  -8.085010e-01   2.873480e-01   0.000000e+00
v  -8.446120e-01   1.048200e-01   1.461860e-01
v  -3.571040e-01  -7.676800e-02   2.986000e-01
v  -2.912200e-01  -3.910630e-01   2.262530e-01
v  -3.363110e-01  -4.452340e-01  -7.988500e-02
v   6.976500e-02  -5.039200e-01   7.472000e-02
v  -6.851970e-01   0.000000e+00  -2.109610e-01
v   4.482470e-01   1.800140e-01   3.489570e-01
v  -7.155780e-01  -9.493800e-02  -1.454880e-01
v  -3.896560e-01   2.586190e-01  -2.565300e-01
v   3.182680e-01   0.000000e+00  -4.462770e-01
v   3.161700e-01   9.736900e-02   3.741650e-01
v  -4.337190e-01   3.885190e-01   1.336480e-01
v   3.017150e-01  -9.741200e-02   3.683190e-01
v  -4.647870e-01   4.037710e-01   6.735800e-02
v  -4.611050e-01  -4.679620e-01   1.531730e-01
v   6.194430e-01  -2.522640e-01   0.000000e+00
v   3.794330e-01   0.000000e+00   3.845210e-01
v  -7.924360e-01  -9.473700e-02   1.400790e-01
v   3.829480e-01  -1.592850e-01  -4.296850e-01
v  -6.118240e-01  -4.054180e-01   7.283400e-02
v   3.577950e-01   8.447900e-02  -4.490170e-01
v  -4.911810e-01  -3.404890e-01  -2.173580e-01
v  -5.302580e-01   0.000000e+00   3.159190e-01
v  -7.915770e-01   2.866270e-01   1.441440e-01
v  -8.456200e-01   1.001320e-01   0.000000e+00
v  -7.071990e-01  -2.652720e-01   0.000000e+00
v  -6.157920e-01  -1.607720e-01  -2.135820e-01
v  -1.914610e-01  -3.737100e-01  -1.105440e-01
v  -4.181650e-01   2.092340e-01   2.894650e-01
v  -2.200990e-01  -3.967000e-01  -8.019800e-02
v  -5.694600e-02   3.941740e-01   1.753240e-01
v   9.091900e-02   2.264320e-01  -3.963080e-01
v   5.658450e-01   5.821200e-02   3.658010e-01
v   6.634500e-02   4.257750e-01   6.699900e-02
v  -5.413910e-01  -2.898470e-01  -2.099550e-01
v   2.788090e-01   3.314640e-01  -2.507120e-01
v  -2.671790e-01   4.102860e-01   6.829000e-02
v  -2.287200e-01   1.900100e-01   2.549400e-01
v   2.692300e-01   8.899700e-02  -4.562110e-01
v  -9.635700e-02   4.126920e-01   0.000000e+00
v   7.762000e-02   4.338900e-02  -3.945180e-01
v  -4.675780e-01  -3.327020e-01   2.527560e-01
v  -2.331910e-01   1.166800e-01   2.725010e-01
v  -4.510280e-01  -4.539720e-01  -7.884600e-02
v  -8.491000e-02  -3.501140e-01   1.955030e-01
v  -7.883210e-01  -8.925400e-02   0.000000e+00
v   7.443150e-01  -9.135700e-02   1.565100e-01
v   6.897290e-01  -8.881900e-02  -1.771670e-01
v  -8.335400e-02   2.687530e-01  -2.994910e-01
v   3.609330e-01  -3.011230e-01  -3.224350e-01
v  -3.765000e-01   8.191900e-02   3.029340e-01
v   5.607620e-01  -5.899800e-02   3.661290e-01
v   1.428070e-01  -1.693650e-01  -3.772190e-01
v  -7.072250e-01  -2.709420e-01   1.380570e-01
v   6.086430e-01  -3.126140e-01   2.166170e-01
v  -2.873460e-01   4.124460e-01   0.000000e+00
v  -4.776590e-01   4.060810e-01   0.000000e+00
v   1.597920e-01   3.187010e-01  -3.239000e-01
v   6.420700e-01   3.108140e-01   2.154870e-01
v   0.000000e+00  -9.389100e-02   2.823800e-01
v   1.977520e-01  -1.182770e-01  -3.880390e-01
v  -8.275100e-02   2.027770e-01  -3.494860e-01
v   2.874770e-01  -2.619230e-01  -3.979660e-01
v   2.009870e-01   3.803600e-01  -7.856900e-02
v   6.349300e-01   2.474800e-01   0.000000e+00
v   5.684850e-01  -2.365040e-01  -1.661090e-01
v   3.649740e-01   3.786360e-01  -7.724600e-02
v   2.741890e-01  -4.076660e-01  -8.381700e-02
v   5.182890e-01  -2.062630e-01  -3.271120e-01
v   6.410480e-01   1.952890e-01   3.074730e-01
v  -2.007870e-01  -1.074970e-01   2.570950e-01
v  -8.647400e-02   4.163650e-01   3.499100e-02
v  -8.209300e-02   0.000000e+00   2.478580e-01
v   7.623160e-01   9.223500e-02   1.581970e-01
v  -4.448560e-01   3.972940e-01  -7.368400e-02
v   3.488920e-01  -2.845140e-01   3.237000e-01
v   0.000000e+00   9.590100e-02  -3.990820e-01
v   6.894010e-01   8.627600e-02  -1.745170e-01
v  -7.263200e-02   2.816590e-01   2.370040e-01
v  -4.684300e-01   4.028210e-01  -3.727600e-02
v  -3.679330e-01  -1.969820e-01   2.789380e-01
v  -1.971400e-01  -3.550530e-01  -1.670210e-01
v   2.797920e-01   3.784370e-01  -7.844500e-02
v  -3.376140e-01  -3.316300e-01  -2.608460e-01
v  -6.818530e-01   2.394870e-01   2.653670e-01
v   5.148650e-01  -8.630800e-02   3.705510e-01
v   7.691100e-02  -2.056540e-01  -3.615850e-01
v   3.289460e-01  -4.641140e-01   9.111800e-02
v  -3.370410e-01   3.998450e-01  -7.470300e-02
v  -4.742060e-01  -7.941800e-02   3.089210e-01
v   4.534030e-01  -3.463240e-01   2.902430e-01
v  -2.638140e-01  -4.217760e-01   1.652250e-01
v  -6.082460e-01  -2.238160e-01   2.532530e-01
v   2.343170e-01   4.742890e-01   1.863490e-01
v   3.240380e-01  -3.760930e-01  -1.274820e-01
v   1.615110e-01   3.537520e-01   2.954370e-01
v   4.996300e-02   7.307200e-02  -4.036310e-01
v   7.189500e-01  -8.762800e-02   0.000000e+00
v  -5.632580e-01  -3.797930e-01   1.992580e-01
v   6.561880e-01  -1.729390e-01  -8.794800e-02
v  -8.157010e-01   2.061230e-01  -7.939500e-02
v   6.504700e-02  -3.106640e-01   2.737020e-01
v   3.401092e-01   4.336943e-01   2.948080e-01
v   5.119275e-01   8.324504e-02   3.673646e-01
v   5.232878e-01   2.003013e-01  -3.183523e-01
v  -6.382751e-02  -2.977492e-01   2.344915e-01
v  -6.168683e-01   3.752050e-01  -7.353540e-02
v   1.929445e-01  -3.635603e-01  -2.395044e-01
v   8.308033e-02  -4.744077e-01  -4.098851e-03
v   1.672972e-01   1.797081e-01  -4.286916e-01
v   6.125252e-01  -2.732291e-01   2.738203e-01
v  -4.838851e-02  -3.826305e-01   1.647798e-01
v  -2.315384e-01  -7.495785e-02   2.677667e-01
v   1.939265e-01   4.631084e-01   2.002979e-01
v  -3.480327e-03  -2.757815e-01   2.639114e-01
v  -2.049352e-01  -1.922893e-01   2.509810e-01
v   6.600324e-01   1.682524e-01  -8.595662e-02
v   6.161384e-01  -1.996250e-01   3.158522e-01
v   6.878101e-02   2.941666e-01   2.722186e-01
v  -2.822047e-01   3.319859e-01   2.042254e-01
v   3.497102e-01   4.954713e-02   3.843008e-01
v   7.167690e-01   8.670243e-02  -2.375656e-03
v   4.420203e-01   3.678656e-01  -7.713647e-02
v   2.501011e-01  -4.794680e-01   4.792204e-02
v   2.623676e-01   1.474729e-01   3.470750e-01
v  -5.918550e-01   8.394642e-02   3.122987e-01
v   4.312072e-01   3.038512e-01  -2.264433e-01
v  -4.950284e-01  -4.060143e-02   3.121817e-01
v   3.842609e-01   1.543356e-01  -4.259070e-01
v  -5.906075e-02  -1.254128e-01   2.541478e-01
v  -2.357355e-01   4.010442e-01  -7.513722e-02
v   6.112840e-01  -1.615959e-01  -2.595814e-01
v  -9.278820e-04   8.696581e-02   2.828087e-01
v   1.215604e-01  -3.337663e-01   2.791755e-01
v  -4.364760e-01   8.476309e-02   3.116172e-01
v  -7.891909e-01   1.876498e-01   2.209479e-01
v   2.384230e-01  -8.058047e-02  -4.141886e-01
v  -5.745266e-01   3.532165e-01  -1.454216e-01
v  -2.507947e-01   4.032834e-01   1.019859e-01
v   6.862784e-01   2.340924e-05  -2.530878e-01
v   2.047887e-01  -2.888571e-01   3.040777e-01
v   6.190181e-01   1.575764e-01  -2.556867e-01
v  -7.248059e-02  -3.896639e-01   4.376368e-03
v   7.239714e-01   1.413375e-05  -8.508217e-02
v   2.550340e-01  -3.594280e-01  -2.488179e-01
v  -6.185407e-01   3.734866e-01   1.333835e-01
v   5.859075e-01   2.349815e-01  -1.627126e-01
v   3.297614e-01  -2.857120e-01  -3.661803e-01
v   2.608649e-01  -4.964487e-01   1.391330e-01
v  -7.011023e-01  -7.662095e-02   2.630546e-01
v  -6.727982e-02  -3.978299e-01   3.171741e-02
v  -4.726282e-01  -4.643622e-01  -2.037312e-03
v  -7.388683e-02   3.759280e-02   2.712019e-01
v   4.967997e-01   3.590530e-01   3.035785e-01
v   7.105656e-01   1.764069e-01   7.896630e-02
v  -5.225201e-01  -4.282928e-01  -7.860781e-02
v  -1.744907e-03   2.575220e-01   2.616165e-01
v   6.353849e-01   2.682188e-01   2.708647e-01
v  -3.925908e-01  -4.554353e-01  -8.320260e-02
v   3.088750e-01   8.386331e-02  -4.526785e-01
v  -4.066048e-01   3.746681e-01   1.656911e-01
v   4.754577e-01  -3.489028e-01  -4.468793e-02
v   3.779536e-01  -4.219109e-01   4.412955e-02
v   5.941647e-01  -3.077857e-01   6.448736e-02
v   2.553534e-01   4.315074e-01   4.593781e-02
v   3.766273e-01  -3.481583e-01  -1.639313e-01
v   3.438354e-01  -5.004445e-02   3.825078e-01
v  -1.695138e-01   1.226177e-01  -3.466605e-01
v  -7.179048e-01  -1.864635e-01  -7.609608e-02
v  -2.571080e-01  -3.492181e-01  -2.202674e-01
v   2.525878e-01  -1.518519e-01   3.539234e-01
v  -2.434685e-01  -2.082575e-01  -3.084291e-01
v  -5.712822e-01   2.429621e-01  -2.412076e-01
v  -4.904648e-01   3.133981e-01  -2.083066e-01
v   6.295729e-01   3.072851e-01   6.378079e-02
v  -4.141113e-01  -4.428477e-01   1.920052e-01
v   4.427045e-01   4.612334e-01   1.426577e-01
v   4.919768e-01   2.772239e-01  -2.244294e-01
v   5.581451e-01   2.434183e-01   3.210696e-01
v  -3.384845e-01  -3.931442e-01  -2.048552e-01
v  -3.269471e-03  -2.290661e-01  -3.054202e-01
v   5.425014e-01  -2.504059e-01   3.295086e-01
v  -2.326484e-03   2.536440e-01  -3.443495e-01
v   3.018065e-01   2.367251e-01  -3.952809e-01
v  -4.126861e-01  -4.750626e-01   1.148783e-01
v   6.801675e-01  -5.954957e-02   3.198597e-01
v  -2.686249e-01   1.995828e-01  -2.933476e-01
v   2.093256e-01  -4.930547e-01   1.783102e-01
v   4.708809e-01  -2.829260e-01  -2.314454e-01
v  -7.330826e-01   8.143457e-02   2.715638e-01
v  -6.411555e-01  -7.678187e-02   2.883105e-01
v   2.754150e-01  -4.172584e-02  -4.311176e-01
v   7.331696e-02   3.290316e-05   3.260163e-01
v   5.193706e-01  -3.110979e-01  -7.736042e-02
v   4.622303e-01  -2.140491e-01  -3.691156e-01
v  -1.816774e-01  -2.964948e-01  -2.265776e-01
v   3.319402e-01   2.706994e-01   3.364788e-01
v  -4.191227e-04  -8.127105e-02  -3.686279e-01
v   6.954447e-01  -1.783870e-01   7.904079e-02
v   6.055761e-01   3.410495e-01   7.484081e-02
v   7.040719e-02  -3.038579e-01  -2.721649e-01
v   3.784943e-01   2.748036e-01  -3.150677e-01
v   3.051189e-01   4.459904e-01   7.005513e-02
v   4.418653e-01  -7.429921e-02  -4.410216e-01
v   2.943146e-01  -4.053973e-01   2.677128e-01
v   5.521494e-01   3.088860e-01  -7.525365e-02
v   8.084431e-02   4.110724e-01  -5.666871e-05
v  -3.125201e-01   8.066722e-02   2.920968e-01
v  -6.088166e-01  -3.290647e-01   1.994307e-01
v  -7.136330e-02   4.070689e-01  -3.767484e-02
v  -1.517073e-01  -3.117245e-01   2.157307e-01
v   6.399200e-02  -4.500568e-01  -4.817292e-02
v   2.388500e-01   2.165062e-01  -4.193461e-01
v  -2.019883e-01  -1.484493e-01   2.518949e-01
v  -6.448191e-01   1.666775e-01   2.968952e-01
v   3.253524e-01   3.552363e-01  -1.575631e-01
v   1.543409e-01  -1.792464e-01   3.287779e-01
v  -2.749667e-01  -4.261210e-01  -7.938178e-02
v  -4.832077e-01   1.260061e-01  -2.903558e-01
v  -5.276571e-02  -3.859017e-01  -2.927611e-02
v   5.449513e-01   3.789119e-01   4.765522e-02
v   1.129474e-01  -1.869650e-01  -3.693587e-01
v   2.418499e-01   4.104066e-01  -1.857472e-04
v  -2.051088e-01   6.333893e-02  -3.484714e-01
v  -2.083213e-01   3.557428e-01  -1.794751e-01
v   7.026794e-02   2.096962e-01   2.813737e-01
v   2.281666e-01   1.292616e-01  -4.481227e-01
v   6.326445e-02  -4.125834e-01  -1.101908e-01
v  -3.630295e-01  -4.719720e-01   7.649625e-02
v  -6.842485e-01   2.900085e-01   2.317460e-01
v  -7.289383e-02   2.000672e-01   2.525282e-01
v  -7.926088e-01  -2.026237e-03  -7.502739e-02
v  -3.580155e-01   6.214976e-02  -3.240346e-01
v   6.536011e-02  -3.247428e-01  -2.329961e-01
v   5.705528e-01  -7.319159e-02  -3.800569e-01
v  -3.403484e-01   2.355685e-01   2.638641e-01
v  -4.118790e-01  -7.890264e-02   3.038017e-01
v  -7.930740e-02  -2.106172e-04  -3.718006e-01
v   1.772275e-01   3.160489e-01   3.042296e-01
v   4.638582e-01   2.015541e-01  -3.541116e-01
v  -7.021724e-01  -4.952607e-02  -1.810866e-01
v   1.632889e-01   1.748888e-01   3.197497e-01
v   4.013134e-01   4.546950e-01   2.605472e-01
v   6.844914e-01   5.838665e-02   3.199034e-01
v   4.008524e-01   4.035735e-01  -2.085079e-03
v  -6.877111e-02   3.243963e-01  -2.484559e-01
v   5.574351e-01   4.586817e-05   3.699833e-01
v   5.722065e-01   7.013140e-02  -3.758702e-01
v  -6.411984e-01   5.331862e-02  -2.468523e-01
v  -7.140352e-01   2.750550e-01  -1.559070e-01
v  -5.714122e-01   3.522637e-01   1.939055e-01
v   3.925998e-01  -4.435793e-01   1.335809e-01
v   5.616516e-01  -3.384452e-01   7.515994e-02
v  -6.916314e-02   3.633497e-01  -1.836158e-01
v   2.887555e-01   2.483373e-01   3.316226e-01
v  -6.565853e-01   3.346970e-01   1.931633e-01
v  -6.263086e-01  -3.366709e-01  -7.396006e-02
v  -2.108551e-01   3.897674e-01  -1.114880e-01
v   1.324948e-01  -4.081746e-01  -1.582385e-01
v   4.400845e-01   7.054973e-02  -4.329118e-01
v   6.176240e-01  -7.335899e-02  -3.393277e-01
v  -1.743380e-01   2.973769e-01   2.161938e-01
v   1.790848e-01  -4.844478e-01   1.970106e-01
v   3.489102e-01  -4.256593e-01   2.401368e-01
v  -6.112795e-02  -1.137435e-01  -3.587733e-01
v   5.123229e-01  -3.778060e-01   1.211203e-01
v   6.417482e-02   3.644470e-01  -1.908753e-01
v  -3.161634e-01  -1.272078e-01  -3.220918e-01
v  -1.482122e-01   1.522747e-01   2.577108e-01
v  -3.264629e-01   1.238775e-01  -3.108810e-01
v  -5.868637e-01   2.393912e-01   2.858351e-01
v  -4.290437e-01   2.781952e-01   2.594803e-01
v  -4.467545e-01   1.851139e-01  -2.827486e-01
v  -2.349154e-01   2.121934e-06  -3.531567e-01
v  -1.992439e-01  -6.460716e-02  -3.519394e-01
v   4.009860e-01   4.620101e-01   1.167945e-01
v   4.964134e-01  -3.681237e-01   4.431661e-02
v  -5.872908e-01  -1.552383e-01   2.828834e-01
v  -6.898376e-01   3.502602e-01  -7.284959e-02
v  -1.530144e-01   2.851068e-01  -2.669081e-01
v   4.420090e-01   4.617906e-01   2.220637e-01
v   4.061797e-01   2.276881e-01   3.380642e-01
v  -7.156032e-01  -1.751227e-01   2.089412e-01
v   7.539959e-01  -1.330360e-04   7.428598e-02
v  -2.924847e-01  -7.512423e-02   2.839367e-01
v  -3.528006e-01  -6.321942e-02  -3.284245e-01
v  -2.706187e-01  -2.258172e-01   2.670268e-01
v   5.103127e-01   4.378052e-01   1.757954e-01
v   1.446291e-05   3.977886e-01  -7.541038e-02
v  -6.184176e-02  -2.445618e-01  -2.667443e-01
v  -3.230558e-01  -4.570412e-01   3.967433e-02
v  -5.310015e-01  -2.258800e-01   2.726433e-01
v   2.121026e-01  -2.087755e-01  -3.997151e-01
v  -1.407527e-01   3.761733e-01  -1.468114e-01
v  -6.434278e-01   3.831141e-01  -4.854099e-04
v  -2.832040e-01   3.999514e-01  -7.500782e-02
v   5.679110e-01   3.927947e-01   1.261594e-01
v  -5.159009e-04   3.509211e-01  -2.199907e-01
v  -4.613853e-02   5.980181e-02  -3.820455e-01
v  -7.912049e-01  -2.703086e-03   2.061098e-01
v  -6.340772e-01  -2.543506e-01  -1.456640e-01
v  -3.836177e-01   3.981704e-01  -7.478934e-02
v  -8.536517e-01   2.047788e-01   7.554778e-02
v   2.594490e-01  -4.923441e-01   9.504947e-02
v   3.882748e-01  -2.334103e-01   3.436651e-01
v  -8.158256e-01   2.503729e-01  -4.394927e-02
v   3.284294e-02  -6.609151e-02   3.027659e-01
v  -1.969959e-01  -2.675582e-01   2.408430e-01
v  -2.829665e-01   3.283699e-01  -2.064704e-01
v   4.386059e-02   2.423071e-01  -3.726722e-01
v  -4.261993e-02   2.279939e-01  -3.468516e-01
v   5.796846e-01  -2.255399e-01   3.215769e-01
v   1.882020e-01  -4.202544e-01  -1.315587e-01
v  -3.842954e-01   1.671863e-05  -3.266880e-01
v   6.159902e-02   4.003210e-01  -4.039757e-02
v   4.754763e-01  -1.358298e-01   3.673993e-01
v   1.839467e-01   3.723001e-01  -1.194382e-01
v   2.281798e-01  -5.478726e-02   3.753565e-01
v   6.210863e-01   7.048394e-02  -3.369555e-01
v  -2.759347e-01  -6.477674e-02  -3.419933e-01
v   6.692622e-01   1.662521e-01   3.015372e-01
v   2.614658e-01   3.933624e-01  -3.884708e-02
v  -6.603152e-02   3.244323e-02  -3.750782e-01
v   3.048853e-01   3.675848e-01  -1.178318e-01
v  -1.819411e-01  -1.724791e-01  -3.192703e-01
v   3.044498e-01   3.413949e-01  -1.983804e-01
v  -3.397698e-01   3.508882e-01  -1.803495e-01
v  -4.282727e-01  -1.871568e-01  -2.907478e-01
v   6.357492e-01  -2.130213e-01  -4.487237e-02
v   3.555622e-01  -3.986175e-01  -4.319751e-02
v   2.413141e-01  -4.644748e-01  -1.802993e-03
v  -6.212764e-02  -1.869248e-01  -3.259751e-01
v   3.033874e-01  -2.607263e-01   3.266358e-01
v  -7.171280e-01  -1.434842e-01  -1.115394e-01
v   4.804490e-01   2.070939e-04  -4.324496e-01
v  -1.870143e-01  -2.452736e-01  -2.808134e-01
v   1.379362e-01   2.062255e-01  -4.160918e-01
v  -2.103777e-01  -4.021503e-01   3.994035e-02
v   1.225693e-01  -4.732306e-01   2.032956e-01
v  -1.564659e-04  -3.226681e-01  -1.804832e-01
v  -5.428419e-02   4.193041e-01   4.786990e-02
v  -7.142767e-01  -2.267850e-01  -3.815914e-02
v  -4.075986e-01   4.043831e-01   6.762620e-02
v   3.970194e-02  -2.201365e-01  -3.384855e-01
v   6.315136e-02  -2.187803e-01   2.891602e-01
v  -4.057175e-01  -2.988531e-01   2.672498e-01
v  -3.559361e-01   4.075841e-01   6.822695e-02
v  -4.635495e-01  -1.263469e-01  -2.938408e-01
v   4.476485e-01  -4.131078e-01   1.630495e-01
v  -3.015620e-01  -2.396160e-01  -2.956413e-01
v   5.952353e-01  -2.951055e-01   3.988790e-02
v  -3.815371e-01   3.642167e-01   1.781369e-01
v  -5.836812e-02  -3.164499e-02   2.608468e-01
v   6.056892e-01   2.574261e-01   2.977323e-01
v   6.048884e-01   3.423136e-01   2.256463e-01
v   6.372746e-02   3.359241e-01  -2.611139e-01
v  -5.597069e-01   4.275818e-02   3.147576e-01
v  -6.021202e-01  -4.004315e-01   1.396517e-01
v  -6.240165e-01   2.047906e-01   2.908553e-01
v  -7.263835e-01   5.256243e-02  -1.862771e-01
v   6.559393e-01  -1.687903e-01   3.029511e-01
v   2.301712e-01   5.298875e-02   3.715291e-01
v  -5.451693e-01   3.333421e-01   2.231862e-01
v  -6.382079e-02  -2.106692e-01   2.505960e-01
v   6.655317e-01  -2.555137e-01   1.929150e-01
v   3.406980e-02   6.261983e-02   2.953345e-01
v  -3.020713e-01  -3.737643e-01  -2.145739e-01
v  -5.531294e-01  -4.475599e-01   7.092794e-02
v  -6.289969e-01   1.177743e-01  -2.514755e-01
v   3.296594e-01  -2.016377e-01  -4.158871e-01
v  -1.965572e-03  -4.053505e-01  -6.274618e-02
v  -2.222429e-01  -4.022445e-01   3.283235e-04
v  -5.737602e-03  -4.180400e-01   1.942559e-01
v   2.547102e-01  -3.873218e-01   2.781786e-01
v   4.089487e-01  -1.165595e-01  -4.369223e-01
v  -5.428343e-01  -3.672331e-01  -1.506522e-01
v   7.581661e-01  -9.292463e-04   2.217061e-01
v   2.913898e-01   4.115696e-01   3.060521e-01
v   3.645794e-02  -5.897573e-02  -3.602750e-01
v   6.159852e-02   3.835877e-01  -1.149667e-01
v  -6.049820e-01   3.657377e-01  -1.097492e-01
v  -7.611218e-01  -1.876540e-01   7.018830e-02
v   5.933041e-02  -3.470246e-02  -3.584836e-01
v  -2.252730e-01   2.444982e-01  -2.797528e-01
v  -3.534939e-01  -4.177051e-01   2.123130e-01
v  -1.293630e-01   1.731204e-01  -3.462462e-01
v   2.098168e-01  -2.987725e-01  -3.615410e-01
v  -4.253167e-01  -6.314593e-02  -3.122160e-01
v   5.630442e-01  -3.426006e-01   2.232240e-01
v   4.475463e-01   3.302115e-01   3.238056e-01
v   6.271920e-02  -4.946557e-01   1.418433e-01
v  -1.821958e-01  -2.702340e-01  -2.524855e-01
v   4.832838e-01   1.319289e-01   3.610873e-01
v  -5.533491e-01   2.156271e-01  -2.564591e-01
v  -4.979278e-01  -1.868851e-01  -2.706106e-01
v   3.864071e-01  -4.359766e-01   2.064207e-01
v   1.050474e-01   1.854379e-01   2.955430e-01
v  -2.810636e-01   6.323583e-02  -3.353047e-01
v  -6.148448e-01  -2.746005e-01   2.264454e-01
v  -7.868107e-01   5.311301e-02  -1.141572e-01
v   6.549291e-02   3.588026e-01   2.552339e-01
v  -3.748823e-02   5.845385e-02   2.798232e-01
v  -4.281113e-01   2.149043e-01  -2.740265e-01
v  -4.900279e-01   3.076359e-01   2.452877e-01
v   4.355851e-02   3.919270e-01   2.226689e-01
v   2.963950e-01  -3.594608e-01  -2.051632e-01
v  -1.891998e-01   1.328383e-01   2.632186e-01
v   3.181628e-02  -2.491952e-01   2.756270e-01
v  -1.909465e-01   9.564140e-02  -3.464809e-01
v   6.430804e-01   2.067071e-01  -4.328042e-02
v   3.172463e-01   4.781839e-01   2.275366e-01
v   6.913081e-01   2.528139e-01   1.921554e-01
v   6.730802e-01  -1.338270e-01  -1.340871e-01
v   3.461462e-02   2.335814e-01   2.702208e-01
v  -4.815200e-03  -4.582876e-01   6.734703e-02
v   6.260534e-01   2.923429e-01   3.990615e-02
v  -6.095772e-02  -3.274983e-02  -3.686485e-01
v  -5.268363e-01   1.878582e-01  -2.708662e-01
v  -2.179877e-01  -3.446187e-01   2.227668e-01
v  -7.932808e-01   1.582055e-01  -1.232003e-01
v  -5.406374e-01   3.352077e-01  -1.773864e-01
v   4.664415e-01  -3.745720e-02  -4.368486e-01
v   4.071770e-01  -3.193806e-01   3.134922e-01
v  -7.771756e-01   5.257539e-02   2.390150e-01
v  -2.663120e-01   3.757552e-01   1.570880e-01
v   2.405991e-01   2.801818e-01  -3.648641e-01
v  -6.212073e-01   1.276569e-01   3.050910e-01
v  -7.668442e-01   3.323259e-01   3.875656e-02
v   1.868092e-01   3.565684e-01  -1.962722e-01
v  -8.316390e-01  -2.545474e-03   6.858446e-02
v  -5.523664e-01   3.984317e-01   6.724112e-02
v   4.221408e-01   3.860092e-01  -3.949501e-02
v   6.934883e-01  -4.617686e-02  -2.180443e-01
v   3.449045e-02  -3.288265e-01  -2.051982e-01
v  -5.858923e-02  -2.827879e-01  -2.026963e-01
v   2.352891e-01   3.461744e-01  -2.258444e-01
v  -5.231197e-01  -1.116988e-04  -2.924573e-01
v  -5.609661e-01  -6.313995e-02  -2.724074e-01
v  -3.884753e-01   1.651284e-01   2.950457e-01
v  -2.202742e-01  -3.245049e-01  -2.243525e-01
v   5.281772e-01   1.388377e-01  -3.709477e-01
v   3.394741e-01  -3.873711e-01  -8.546253e-02
v  -7.917982e-01  -4.892617e-02  -3.805942e-02
v  -8.427637e-01   5.207449e-02   3.798677e-02
v  -1.559740e-01   3.917870e-01   1.399087e-01
v   4.905961e-01  -3.644368e-01   2.631544e-01
v  -1.805684e-01  -9.681177e-02  -3.470942e-01
v  -2.046248e-01  -3.984358e-01   7.156802e-02
v  -6.743624e-01   1.728146e-01  -2.226537e-01
v   4.644900e-01   3.592155e-02  -4.317839e-01
v   1.327179e-01   3.141781e-01   2.906724e-01
v  -3.081395e-01   1.538848e-01  -3.039099e-01
v  -1.107678e-01   1.725341e-01   2.556986e-01
v  -7.272212e-01   1.579382e-01  -1.915127e-01
v  -6.712653e-04   4.234186e-01   6.677047e-02
v  -4.308130e-01   6.222587e-02  -3.093834e-01
v  -8.227772e-01   5.274341e-02  -4.202641e-02
v  -3.661166e-02   2.277342e-01   2.550798e-01
v  -5.202396e-01  -3.541224e-01   2.353228e-01
v  -3.604819e-02   4.038406e-01  -5.624903e-02
v  -7.966931e-01  -4.945802e-02   1.732739e-01
v   4.965359e-01  -2.217215e-01   3.461619e-01
v   7.174824e-01  -1.487117e-01   2.182965e-01
v   5.051468e-01  -3.739144e-01   8.227979e-02
v   1.467392e-01   4.468334e-01   2.019913e-01
v   6.948830e-01   4.499747e-02  -2.169541e-01
v   5.579133e-01   3.870449e-01   8.579066e-02
v   2.208347e-01  -2.601733e-01  -3.915372e-01
v  -2.964557e-01  -1.586673e-01  -3.169032e-01
v   7.289992e-01   1.550766e-01   2.424077e-01
v  -3.349164e-03   3.913198e-01   1.953343e-01
v  -3.282457e-02  -2.428881e-01   2.567463e-01
v  -4.284069e-01  -3.871216e-01   2.386934e-01
v  -3.431954e-01   2.966428e-01  -2.326614e-01
v  -5.982229e-02  -1.670413e-01   2.508837e-01
v  -6.595172e-01  -3.555361e-01   6.635268e-02
v   2.506232e-01   1.012966e-01   3.626278e-01
v  -5.236407e-01  -2.369056e-01  -2.427975e-01
v   6.739375e-01   1.298756e-01  -1.307682e-01
v   5.280521e-01  -1.469115e-01  -3.820594e-01
v  -3.242611e-01   4.107558e-01   3.418305e-02
v  -7.597994e-01   3.292431e-01   1.062749e-01
v   4.506758e-01  -3.327833e-01  -1.210213e-01
v   3.978123e-01  -3.012643e-01  -2.754238e-01
v   2.328623e-01   1.745936e-01  -4.383383e-01
v   9.696173e-02  -1.914161e-01   3.084273e-01
v  -6.139377e-01   3.444285e-01   1.932647e-01
v   4.821342e-02  -4.773467e-01   2.517034e-02
v   2.059248e-01  -1.654150e-01  -3.971895e-01
v  -3.453823e-01   3.530784e-01   1.880580e-01
v   3.687905e-01  -4.082576e-01  -2.648117e-04
v  -3.474227e-02   3.568082e-01  -2.015621e-01
v  -1.053148e-01   3.702531e-01  -1.646531e-01
v  -5.919346e-01  -1.122618e-01  -2.457437e-01
v  -1.321747e-01  -3.759083e-01   1.267976e-01
v   1.092349e-01   3.288282e-01  -2.922269e-01
v  -1.756661e-01   3.829988e-01  -1.290601e-01
v   2.113568e-01   1.094707e-04   3.772203e-01
v   3.880584e-01  -4.354878e-01   9.052415e-02
v  -7.114709e-01   3.613216e-01   6.583774e-02
v   1.642251e-01  -3.464067e-02  -3.791739e-01
v   4.675056e-01   3.246114e-01  -1.541889e-01
v   2.139698e-01   1.616076e-01   3.330492e-01
v   2.571766e-01  -4.345606e-01  -4.227483e-02
v  -3.336379e-01  -4.195548e-01  -1.618939e-01
v  -4.380896e-01  -3.078461e-01  -2.577792e-01
v  -6.056669e-01  -3.964117e-01  -1.404463e-03
v   3.675965e-01  -1.471338e-01   3.618947e-01
v   7.235162e-01  -4.530545e-02  -4.592207e-02
v   5.398904e-01   3.755723e-01   2.726573e-01
v  -5.760665e-01   6.397758e-02  -2.750218e-01
v  -5.808357e-02  -7.868511e-02   2.565853e-01
v  -1.065853e-01   3.887856e-01   1.569387e-01
v   4.769025e-01   4.532250e-01   1.984462e-01
v  -5.035055e-01  -4.487003e-01  -4.037278e-02
v  -1.238374e-01   2.876064e-01   2.255699e-01
v   4.138314e-01   1.126639e-01  -4.307914e-01
v  -8.367512e-01   2.496481e-01   3.838935e-02
v  -8.238712e-01   5.192764e-02   1.773683e-01
v  -2.375630e-01  -6.467832e-02  -3.468444e-01
v  -4.427205e-02  -4.153493e-01   4.120836e-02
v   3.309857e-02  -4.149777e-01   2.230811e-01
v   3.102719e-02  -4.090836e-01  -8.584513e-02
v   5.732761e-02  -3.900731e-01   2.465091e-01
v  -7.156144e-01   3.161906e-01  -1.138013e-01
v   7.163590e-01   1.310804e-01   3.999787e-02
v  -1.086102e-01  -2.963862e-01   2.235207e-01
v  -2.082522e-01   1.742201e-01  -3.184903e-01
v   4.821092e-01  -3.966116e-01   1.434131e-01
v   5.122383e-01   2.395978e-01  -2.703666e-01
v  -1.968154e-01   2.643354e-01  -2.728138e-01
v  -3.143233e-01  -6.407694e-02  -3.349619e-01
v  -5.445276e-01  -3.310899e-01  -1.824949e-01
v  -3.431914e-01  -1.537551e-01   2.832383e-01
v   6.785336e-01  -2.227425e-01   1.202105e-01
v  -5.517686e-01   2.786920e-01   2.683666e-01
v  -6.794203e-01  -7.504316e-04   2.887225e-01
v   1.275681e-01   1.145284e-01   3.223242e-01
v   2.026731e-01   3.024429e-01  -3.459998e-01
v  -1.976036e-01  -3.947099e-01   8.690913e-02
v  -4.087481e-01  -2.193304e-01  -2.879059e-01
v   5.424816e-01   4.181250e-01   1.511258e-01
v  -2.345046e-01   3.148083e-01   2.104942e-01
v  -5.894014e-01   3.875384e-01   1.013072e-01
v   5.660775e-01  -1.860731e-01  -2.938115e-01
v   7.080233e-01  -1.333456e-01   4.001793e-02
v   3.809507e-01   1.441343e-01   3.589914e-01
v   7.202227e-01   4.372106e-02  -4.441567e-02
v   5.217114e-01  -2.606319e-01  -2.000052e-01
v  -7.426279e-01   2.172892e-01   2.447745e-01
v   4.968679e-01  -2.463096e-01  -2.770659e-01
v  -2.935696e-01   2.136639e-01   2.610252e-01
v  -3.927864e-02  -4.200816e-01   1.091934e-01
v   2.040089e-01  -1.660994e-01   3.419462e-01
v  -6.200594e-01  -4.934590e-02  -2.450941e-01
v   4.876169e-01  -3.563074e-01  -8.497404e-04
v   2.804287e-01  -4.626822e-01   2.144483e-01
v  -4.451793e-01   2.862684e-01  -2.370770e-01
v  -7.324682e-01   3.148035e-01   1.725020e-01
v  -2.066400e-01   2.456081e-01   2.340271e-01
v  -5.195423e-02  -3.468451e-01  -8.947104e-02
v   1.270584e-01   4.287464e-02  -4.071093e-01
v   7.040263e-01   2.213849e-01   1.204539e-01
v   4.099338e-01   2.894331e-01  -2.671328e-01
v  -1.871925e-01   3.964852e-01   1.283833e-01
v  -8.445648e-01   5.240313e-02   1.082914e-01
v   6.760476e-01  -2.337327e-01   1.454551e-01
v  -2.443869e-01   3.022022e-06   2.778659e-01
v  -4.966812e-01  -2.670178e-01   2.655973e-01
v   2.036718e-01  -3.303204e-01  -3.181405e-01
v  -5.602211e-01  -1.907414e-01   2.772004e-01
v  -7.138016e-01  -1.255864e-01   2.361642e-01
v   2.404738e-01   2.506946e-01  -3.946255e-01
v   6.915230e-01  -1.311795e-01  -4.541319e-02
v   3.163283e-02   3.432353e-01  -2.404881e-01
v  -3.895724e-01   2.585280e-01   2.631310e-01
v   7.559227e-01  -4.736854e-02   1.902777e-01
v  -7.371349e-01  -2.275697e-01   3.547834e-02
v  -5.405477e-01   2.718068e-01  -2.330902e-01
v  -3.038620e-01   9.357726e-02  -3.234352e-01
v   5.466245e-01   2.573426e-01  -1.963991e-01
v   3.365280e-01  -3.534839e-01  -1.844210e-01
v  -2.343556e-01  -3.849494e-01   2.010678e-01
v  -5.584121e-01  -1.755407e-01  -2.445058e-01
v  -7.062611e-01   2.237291e-01  -1.896926e-01
v   6.600892e-01  -2.162983e-01   4.076843e-02
v  -7.786713e-01  -1.436928e-01   1.067346e-01
v  -8.547172e-01   1.567799e-01   1.151906e-01
v  -8.378775e-01   1.526361e-01  -4.288349e-02
v   1.885561e-01  -3.811565e-01  -1.985342e-01
v   6.234305e-01  -1.174164e-01  -3.021381e-01
v  -4.468244e-01  -9.511292e-02  -3.031309e-01
v   5.666854e-01  -2.879666e-01  -4.436895e-02
v   5.784812e-01   1.802982e-01  -2.893323e-01
v  -4.648876e-01   2.935732e-01   2.539730e-01
v   6.463128e-01  -2.668278e-01   2.358263e-01
v   9.943220e-02  -4.165346e-01  -1.334612e-01
v   7.653849e-01   4.695962e-02   1.912379e-01
v  -5.171574e-01   4.045030e-01   3.387084e-02
v   6.116993e-01  -2.119668e-01  -1.319666e-01
v   1.235194e-01  -1.207159e-01   3.362922e-01
v   5.439197e-01  -2.751539e-01  -1.219577e-01
v  -6.672520e-01   3.699722e-01  -3.762115e-02
v   7.418413e-01   4.629722e-02   4.050650e-02
v  -2.583314e-01   3.174235e-02  -3.454456e-01
v  -1.110036e-01   3.054494e-01  -2.579956e-01
v   6.150651e-02   3.919367e-01  -7.762645e-02
v  -4.867417e-01   1.863957e-01  -2.772283e-01
v   1.833143e-01   3.624054e-01  -1.561689e-01
v   6.511909e-01  -1.340377e-01  -2.198508e-01
v  -3.097415e-01  -2.827758e-01  -2.813597e-01
v  -2.331469e-01  -2.469462e-01   2.554510e-01
v   5.081225e-01   2.145227e-01   3.354017e-01
v  -4.576645e-01   9.385747e-02  -2.998602e-01
v   4.856961e-01  -3.232127e-01  -9.966461e-02
v  -4.051271e-01  -3.171382e-02  -3.208380e-01
v  -3.266406e-01   2.277017e-01  -2.728180e-01
v   6.559789e-01   1.306546e-01  -2.171611e-01
v   4.546902e-01   3.461150e-01  -1.173335e-01
v   3.445915e-01   2.555163e-01  -3.567257e-01
v   7.381392e-01  -4.669446e-02   3.991972e-02
v  -6.131586e-02  -7.355584e-02  -3.665941e-01
v   4.348681e-01  -2.922204e-01  -2.525382e-01
v   4.142160e-01  -3.406901e-01  -1.417119e-01
v   1.551228e-01  -3.039060e-01   2.919109e-01
v  -4.361127e-01  -4.761130e-01   3.664218e-02
v  -4.810850e-01  -1.568740e-01  -2.834475e-01
v  -6.858785e-01  -3.131705e-01   3.548036e-02
v   6.094541e-02   3.735354e-01  -1.516652e-01
v  -6.304575e-02  -2.176264e-01  -2.978101e-01
v  -4.498544e-01  -3.910936e-01  -1.989164e-01
v   6.756760e-01   2.129037e-01   4.091478e-02
v  -2.534864e-01   3.422131e-01  -1.923243e-01
v   2.728045e-01   4.781697e-01   2.043570e-01
v  -3.057042e-01  -2.052707e-01   2.712127e-01
v   3.589064e-01   4.683133e-01   2.465986e-01
v  -1.787276e-01  -1.356253e-01  -3.358281e-01
v  -7.702717e-01   1.352716e-01   2.466325e-01
v   2.450215e-01  -4.783766e-01   1.959769e-01
v   2.033744e-01  -5.852251e-02  -3.987415e-01
v   4.798430e-01   3.016617e-01  -1.897504e-01
v   2.412906e-01  -1.033439e-01   3.640862e-01
v   5.990011e-01   9.416518e-05  -3.705832e-01
v  -6.671174e-01  -3.023008e-01   1.690051e-01
v  -8.116456e-01  -4.873253e-02   3.539265e-02
v   7.038780e-01   2.331205e-01   1.459134e-01
v   5.914955e-01  -1.997771e-01  -2.110597e-01
v   7.239667e-01  -1.377629e-01   1.201002e-01
v  -6.607960e-01  -3.906258e-02   2.889403e-01
v  -1.556374e-01  -3.360922e-01  -1.418614e-01
v  -3.152145e-01  -3.314922e-01   2.570193e-01
v  -6.183850e-01  -1.170173e-01   2.864586e-01
v   6.901895e-01   1.266906e-01  -4.371586e-02
v  -5.338240e-01  -4.002759e-01  -1.167770e-01
v   3.354230e-02  -4.738292e-01   3.661800e-02
v  -5.913033e-02  -1.523357e-01  -3.469402e-01
v   6.192883e-01   2.055618e-01  -1.283502e-01
v  -4.006788e-01  -4.656883e-01   1.542466e-01
v   4.450786e-01  -4.992498e-02   3.786971e-01
v  -8.294471e-01   1.569302e-01   1.838026e-01
v  -4.593522e-01   4.273253e-02   3.151691e-01
v  -1.837702e-01  -2.100283e-01  -3.025162e-01
v   2.294256e-01  -3.482797e-01  -2.847607e-01
v   4.316916e-01  -1.917815e-01  -4.083730e-01
v   4.183096e-01  -4.264070e-01   1.851428e-01
v   7.429498e-01   1.380473e-01   1.204848e-01
v  -6.573461e-01   2.869905e-01  -1.833722e-01
v   7.130030e-01  -4.579575e-02  -1.310291e-01
v  -8.568046e-01   1.521386e-01   3.833271e-02
v   7.108398e-01   4.435308e-02  -1.294549e-01
v   2.548148e-01  -2.749143e-01   3.148555e-01
v  -8.152504e-01  -4.918151e-02   1.050868e-01
v   4.704208e-02  -2.824692e-02   3.131383e-01
v  -6.948510e-01   3.250284e-01   1.840993e-01
v   3.090668e-01  -3.333854e-01  -2.860137e-01
v   5.315663e-01   3.610129e-01  -2.398681e-03
v   7.543460e-01  -4.713322e-02   1.152260e-01
v   9.016308e-02  -3.641959e-01   2.648266e-01
v  -4.449119e-01   3.470590e-01  -1.788623e-01
v   5.539265e-01   1.049987e-01  -3.736343e-01
v   5.895910e-01   2.833046e-01  -4.266580e-02
v   3.444663e-01   1.949363e-01  -4.141511e-01
v   6.294644e-01   1.139455e-01  -2.991268e-01
v  -8.656805e-02  -3.738838e-01   1.406958e-01
v  -7.569880e-01  -4.884471e-02  -1.102197e-01
v   4.970592e-01   1.717262e-01  -3.634399e-01
v  -7.775583e-01  -1.379071e-01   3.539709e-02
v  -2.073336e-01  -3.061956e-01   2.348992e-01
v  -4.162022e-01   1.256511e-01   3.051038e-01
v  -1.142558e-01  -3.192653e-01  -1.183067e-01
v   1.886713e-01   2.769055e-01   3.091860e-01
v   1.525752e-01   7.512104e-04  -3.915426e-01
v  -3.997072e-01  -4.751572e-01   5.734197e-02
v   3.325413e-01   3.064344e-01  -2.847338e-01
v   4.783023e-02   2.705659e-02   3.104989e-01
v  -3.417206e-01   3.257135e-01  -2.086059e-01
v  -4.077879e-01   3.127006e-02  -3.190048e-01
v   3.826880e-01  -1.904740e-01   3.540070e-01
v   4.978535e-01  -1.807045e-01  -3.763572e-01
v  -5.894916e-01  -2.722475e-01  -1.796543e-01
v   3.147769e-01  -4.446475e-01   2.282323e-01
v   5.224145e-01   2.934513e-01   3.128147e-01
v  -7.655952e-01   3.275906e-01  -1.013289e-03
v   6.299208e-01  -5.836246e-02   3.480833e-01
v  -6.282641e-01  -2.074175e-01  -1.809455e-01
v   6.713513e-01   2.636221e-01   2.339764e-01
v  -8.298947e-01   2.538078e-01   1.159570e-01
v  -6.700439e-01  -2.021780e-01   2.323263e-01
v   6.827010e-01   1.127332e-01   3.107754e-01
v   7.624824e-01   4.673863e-02   1.150362e-01
v  -1.587567e-01  -3.802165e-01   1.189162e-01
v   5.535600e-01  -1.101631e-01  -3.813024e-01
v  -5.632821e-02  -2.650526e-01  -2.340114e-01
v   2.366875e-01   4.342936e-02  -4.400410e-01
v  -6.617365e-01  -1.440213e-01  -1.818722e-01
v  -8.030094e-01   2.402028e-01   1.830655e-01
v   2.613170e-01  -6.566939e-04  -4.348169e-01
v  -5.427917e-02   4.175081e-01   1.151518e-01
v  -6.883957e-01  -3.144842e-01   1.034016e-01
v   3.619558e-01   2.426501e-01   3.368501e-01
v   7.260578e-01  -1.385923e-01   1.948283e-01
v   1.839222e-01   4.623436e-01   1.607641e-01
v  -7.370689e-01  -2.331181e-01   1.070235e-01
v  -7.456147e-01   3.323277e-01  -4.253962e-02
v  -1.748582e-01  -3.723915e-01  -5.527121e-02
v  -6.109568e-01  -3.674066e-01   1.688838e-01
v   6.100173e-01  -3.729298e-02  -3.576813e-01
v   1.767375e-01   3.425836e-01  -2.629646e-01
v  -7.663978e-01   2.539492e-01  -1.223110e-01
v   6.335910e-01   5.741233e-02   3.467709e-01
v   3.726975e-01   4.194302e-01   2.469989e-02
v  -7.177226e-01  -2.220114e-01   1.733007e-01
v   2.706944e-01   3.687046e-01   3.186672e-01
v   4.277345e-01   1.784738e-01  -3.919267e-01
v  -5.209388e-01   2.933903e-01   2.565333e-01
v   5.507611e-01  -1.152677e-01   3.623678e-01
v   7.479722e-01   1.391883e-01   1.962770e-01
v   3.259735e-01  -1.610148e-01  -4.252271e-01
v   2.381313e-01   4.627137e-01   1.188813e-01
v  -7.366701e-01   3.463877e-01   8.544076e-02
v   6.602425e-01   4.507961e-02  -2.978017e-01
v   6.582070e-01  -4.620346e-02  -2.984783e-01
v   4.013253e-02  -2.786704e-01  -2.794021e-01
v   1.633914e-01  -5.469587e-02   3.621976e-01
v   6.969804e-01  -1.631857e-01   2.637326e-01
v  -6.381553e-01  -4.010260e-04  -2.428742e-01
v   4.216797e-01   2.372863e-01  -3.382646e-01
v   1.882943e-01  -3.999454e-01  -1.647822e-01
v   1.716251e-01  -4.306938e-01   2.481660e-01
v  -7.514735e-01  -4.913865e-02   2.353440e-01
v   3.398279e-01   4.330047e-01   4.785632e-02
v  -3.612153e-01  -3.324899e-05   3.034185e-01
v   4.510542e-01   4.925932e-02   3.787790e-01
v  -2.205359e-01   4.114769e-02   2.737861e-01
v  -3.868740e-01  -2.487287e-01   2.727891e-01
v  -4.737182e-01  -8.194006e-05   3.151917e-01
v   3.077533e-01  -1.221150e-01  -4.286429e-01
v  -6.336168e-01  -2.962251e-01  -1.094221e-01
v   4.895083e-02   1.201500e-01  -4.130588e-01
v   6.847074e-01  -2.476484e-04   3.246496e-01
v   6.054265e-01   1.963814e-01  -2.080800e-01
v  -7.584290e-01  -1.436005e-01   1.742449e-01
v  -6.157922e-01  -3.685875e-01  -3.974986e-02
v  -8.066484e-01   5.224439e-02  -7.903291e-02
v  -3.913244e-01  -4.041813e-01   2.260368e-01
v  -2.988389e-01  -1.993230e-01  -3.068267e-01
v  -6.029297e-01   9.072071e-02  -2.638646e-01
v   2.715149e-01   4.556920e-01   9.389796e-02
v   7.450033e-01   4.698239e-02   2.613816e-01
v   4.639722e-02   4.283045e-01   1.654802e-01
v   5.744034e-01   3.610255e-01   2.488378e-01
v   2.344710e-02   4.199722e-01   4.986827e-02
v  -8.460014e-01   5.139350e-02   7.294933e-02
v  -7.488216e-01   3.226096e-01   1.389923e-01
v   7.144231e-01   1.619496e-01   2.639559e-01
v   1.660477e-01   5.266110e-02   3.563982e-01
v  -7.086959e-01   4.320938e-02   2.814549e-01
v  -6.553974e-01   1.456105e-01  -2.368723e-01
v   2.140406e-01   8.894715e-02  -4.476427e-01
v   6.717057e-01  -1.145428e-01   3.116924e-01
v   4.848549e-02   1.650309e-01  -4.098180e-01
v   5.651174e-01   2.703405e-01  -1.184429e-01
v  -7.175869e-01   1.910935e-01  -1.923386e-01
v   4.577347e-02   3.025988e-01  -3.152818e-01
v  -5.445822e-01  -3.224062e-02  -2.835121e-01
v  -4.581323e-02   1.527950e-01  -3.832612e-01
v   5.548962e-01   1.119225e-01   3.569204e-01
v   7.224208e-01  -5.523259e-02   2.817924e-01
v  -8.030828e-01   5.135703e-02   2.101638e-01
v   5.416197e-01   3.343636e-01  -4.024328e-02
v  -7.571464e-01  -1.378225e-01  -3.782985e-02
v   2.914364e-01  -8.195239e-02  -4.305579e-01
v   6.114004e-01   3.596893e-02  -3.563531e-01
v  -2.515645e-01  -4.182402e-01  -4.026284e-02
v  -6.059705e-01  -8.079344e-02  -2.456795e-01
v  -6.725943e-01  -2.315582e-01  -1.110591e-01
v  -3.148613e-01  -4.281565e-01   1.925420e-01
v   4.966623e-01  -3.001507e-01   3.166936e-01
v  -2.045624e-01   7.868614e-02   2.718743e-01
v   5.290319e-01  -3.559779e-01   2.445840e-01
v  -4.220158e-02  -4.186801e-01   7.435569e-02
v   7.365262e-01  -4.742488e-02   2.601805e-01
v  -3.026322e-01  -4.267788e-01  -1.191099e-01
v   1.409345e-01   4.354625e-01   7.065891e-02
v   7.306154e-01   5.466249e-02   2.829597e-01
v  -3.185021e-01  -1.133745e-01   2.855844e-01
v   3.937479e-01   1.851140e-01   3.469359e-01
v   3.563012e-01  -9.849145e-02   3.709377e-01
v   1.499780e-01   3.003648e-01   2.975930e-01
v  -4.783208e-01  -2.953953e-01  -2.456560e-01
v  -1.920596e-01  -5.369479e-02   2.596814e-01
v   4.924252e-01   4.094042e-01   4.869892e-02
v  -2.997708e-01  -4.495607e-01   1.164524e-01
v   5.933852e-01   1.813199e-01   3.301765e-01
v  -3.408693e-01   4.099629e-02   2.988346e-01
v  -3.694417e-01   1.852095e-01   2.872307e-01
v   1.163812e-01   1.498296e-01   3.085899e-01
v   1.901882e-01   2.335633e-01   3.108557e-01
v  -5.410827e-01  -2.062688e-01  -2.439258e-01
v  -2.693741e-02  -2.918403e-01  -1.936786e-01
v  -5.308660e-01   2.092802e-01   2.988370e-01
v  -2.683190e-01  -3.756816e-02   2.812219e-01
v  -5.103665e-01   1.686635e-01   3.080362e-01
v  -2.690404e-02  -3.761865e-01  -7.580176e-02
v  -5.208027e-01  -4.599251e-01   3.622115e-02
v  -3.345112e-01  -4.571434e-01  -4.644584e-04
v  -8.116424e-02  -3.197522e-01  -1.046174e-01
v  -7.618412e-01   5.259520e-02  -1.494995e-01
v  -4.763508e-01  -1.961212e-01   2.847327e-01
v   4.640283e-01   4.154797e-01   2.876216e-01
v  -3.118971e-01  -4.548272e-01   7.813356e-02
v  -6.625447e-01  -3.118164e-01  -3.804315e-02
v   4.011827e-01   4.924103e-02   3.813058e-01
v   4.201465e-01  -2.544975e-01  -3.544550e-01
v   1.522208e-01  -4.704808e-01  -4.652045e-02
v  -5.755842e-01  -1.439632e-01  -2.452189e-01
v  -4.230834e-01   4.081762e-01   3.375100e-02
v  -6.896883e-01   5.324599e-02  -2.166403e-01
v  -1.509072e-01   3.510422e-01   1.904356e-01
v   8.742953e-02   9.264632e-02  -4.139937e-01
v   3.396221e-01  -2.493420e-01  -3.988888e-01
v   6.832881e-02   4.368180e-01   1.484875e-01
v  -3.500414e-01  -3.105942e-01   2.635527e-01
v  -8.372851e-01   5.192229e-02   1.427339e-01
v   4.536435e-01   4.436870e-01   2.581860e-01
v  -2.168142e-01   2.102067e-01  -3.006434e-01
v   2.328105e-01  -3.419428e-01   2.917238e-01
v   4.027474e-01   3.458683e-01   3.270624e-01
v   3.694649e-01   9.806477e-02   3.753123e-01
v  -3.321679e-01   3.729382e-01  -1.461246e-01
v   1.475331e-01  -4.529059e-01   2.263140e-01
v   2.061697e-01   3.457597e-01  -2.446559e-01
v   2.085333e-01   4.208376e-01   2.318965e-02
v  -2.128298e-01  -4.031519e-01   1.429945e-01
v  -5.034654e-01  -2.699055e-01  -2.415689e-01
v   1.774482e-01  -2.364162e-01   3.133750e-01
v   2.109719e-01   4.645413e-01   1.396915e-01
v   3.724057e-01   3.742492e-01   3.236157e-01
v  -1.684573e-01   1.734042e-01  -3.313924e-01
v   2.961468e-01   4.915793e-02   3.832427e-01
v  -6.469847e-01   4.338559e-02   3.013647e-01
v  -2.932963e-01  -4.441260e-01   1.321628e-01
v   5.829106e-01  -2.904172e-01  -7.761758e-04
v   5.226311e-01   2.920405e-02   3.743358e-01
v  -4.996471e-02   3.421711e-01   2.226609e-01
v   9.835342e-02   3.376907e-01   2.753262e-01
v   1.896496e-01  -4.628965e-01  -4.242773e-02
v  -3.668686e-01  -4.404952e-01  -1.226464e-01
v   4.006741e-01  -2.781475e-01   3.297100e-01
v   4.661199e-02   4.157810e-01   2.357326e-02
v   1.317622e-01  -1.208249e-01  -3.604303e-01
v   3.952446e-01  -4.983149e-02   3.799213e-01
v   1.751631e-01   4.298286e-01   4.716303e-02
v   4.629413e-01  -9.294427e-02   3.723580e-01
v   2.902001e-01   2.050875e-01   3.337578e-01
v  -1.900339e-01  -3.821586e-01  -3.998992e-02
v  -3.377541e-01   2.638834e-01  -2.546655e-01
v  -3.911916e-01  -3.223001e-01  -2.631727e-01
v  -4.404765e-01  -1.184803e-01   3.011705e-01
v   2.246347e-01  -4.095385e-01  -1.255152e-01
v  -6.671557e-01  -4.880877e-02  -2.130626e-01
v   1.805608e-01  -5.058631e-01   4.869248e-02
v  -5.807248e-01  -4.280804e-01   1.081691e-01
v  -4.968078e-01   3.953555e-01  -7.429460e-02
v   1.406089e-01   7.946519e-02   3.400751e-01
v   2.757291e-01  -2.087187e-01   3.372685e-01
v  -6.941056e-01  -1.421728e-01  -1.462140e-01
v  -4.587118e-01  -1.568038e-01   2.947394e-01
v  -5.133326e-01   4.006407e-01  -3.733134e-02
v   3.775089e-01  -4.153065e-02  -4.467537e-01
v  -3.819005e-01   3.885670e-01   1.336298e-01
v  -5.331000e-01   1.266072e-01   3.135283e-01
v  -4.372124e-01   3.707227e-01  -1.454904e-01
v   1.073978e-01  -4.626352e-01  -4.825505e-02
v   3.772941e-01  -2.712283e-01  -3.616741e-01
v   2.779871e-01  -2.125765e-01  -4.111791e-01
v  -8.347976e-01   4.959350e-02  -4.623038e-04
v  -3.141680e-01   2.856367e-01   2.341501e-01
v   2.043916e-01  -4.024744e-01   2.666471e-01
v  -1.159924e-01   3.734370e-02   2.583736e-01
v  -6.426737e-01  -2.902476e-01   2.003857e-01
v  -3.689160e-01   3.987602e-01   1.012432e-01
v   1.369401e-01  -8.288908e-02   3.487081e-01
v   3.280401e-01  -4.464033e-06   3.868840e-01
v   3.255000e-02  -4.871544e-01   1.063583e-01
v   1.346165e-01   2.801556e-01  -3.706697e-01
v   1.469633e-01  -2.948587e-01  -3.454723e-01
v   1.827875e-01   4.421649e-02  -4.266429e-01
v   2.039835e-02   4.110536e-01   1.807511e-01
v  -6.068741e-01   3.927147e-01   3.419975e-02
v   1.080164e-01   4.130682e-01   2.408037e-01
v   6.985762e-01  -2.012092e-01   2.064696e-01
v  -7.659433e-01   1.572108e-01  -1.573199e-01
v  -5.502601e-01   3.182626e-02  -2.842358e-01
v  -2.745153e-02   4.232403e-01   9.143638e-02
v  -4.192783e-01  -4.652982e-01  -4.005558e-02
v   1.183580e-01   6.605720e-02  -4.157003e-01
v  -3.060392e-01   3.644338e-01   1.721772e-01
v  -4.251658e-01  -4.440298e-01  -1.220028e-01
v  -7.730405e-01  -1.420693e-01   1.408286e-01
v  -1.338248e-01   4.164854e-01   3.465020e-02
v   2.890216e-01  -4.923452e-02   3.799615e-01
v  -1.332557e-01   6.823068e-04   2.512953e-01
v  -4.184726e-01  -3.468879e-01   2.545878e-01
v  -5.409554e-01   3.055654e-01  -2.075369e-01
v   2.937389e-01   4.446002e-02  -4.515388e-01
v   4.418988e-02   2.745805e-01  -3.460429e-01
v  -4.549250e-01  -2.849867e-01   2.654633e-01
v  -8.453074e-01   1.558262e-01   1.496720e-01
v  -6.809970e-01   3.743845e-01   3.421431e-02
v   1.439510e-01   3.373695e-01  -2.791812e-01
v  -2.928523e-01  -3.082721e-01  -2.674605e-01
v   2.848087e-01   2.890022e-01   3.303469e-01
v   3.287167e-01   1.263154e-01  -4.476152e-01
v   6.240816e-01  -2.124617e-01  -8.840191e-02
v  -7.324888e-01   1.064030e-01  -1.882625e-01
v   5.201729e-01  -2.954559e-02   3.747522e-01
v   6.642072e-01  -1.329394e-01  -1.772064e-01
v  -2.937761e-02   3.691949e-01   2.102078e-01
v  -7.748777e-01   9.369804e-02   2.449640e-01
v   4.016134e-01  -3.872060e-01   2.660382e-01
v   3.130412e-01  -1.458534e-01   3.584211e-01
v   2.619893e-01   3.459656e-01  -2.051068e-01
v  -7.342370e-01  -4.777842e-02  -1.451144e-01
v   5.879411e-01   1.405123e-01   3.446750e-01
v  -2.299189e-01   4.142527e-01   3.416120e-02
v   6.083953e-01   3.174792e-01   2.531300e-01
v   7.198715e-01   2.001004e-01   2.065986e-01
v  -7.956218e-01   2.526564e-01  -8.271716e-02
v  -2.749509e-01   1.752919e-01   2.688451e-01
v   5.823571e-01  -1.441483e-01   3.495216e-01
v  -6.450947e-01   2.734635e-01   2.584126e-01
v   4.513314e-02   2.055555e-01  -3.937533e-01
v   1.131365e-01   4.384297e-01   9.048424e-02
v  -1.543507e-01  -3.499386e-01  -8.486521e-02
v  -6.800000e-01  -3.076163e-01  -4.576747e-04
v  -4.394481e-01   2.522958e-01  -2.577614e-01
v   4.854555e-01   3.122079e-01   3.177710e-01
v   1.010431e-01  -3.361327e-01  -2.488822e-01
v  -8.099596e-01  -4.773986e-02   1.392689e-01
v  -2.268198e-01   3.858065e-01   1.426996e-01
v  -6.332900e-01  -3.789247e-01   3.591414e-02
v   1.102262e-01  -1.561515e-01   3.225029e-01
v   3.277822e-01   1.433153e-01   3.578241e-01
v  -2.896342e-01   1.217084e-01   2.831474e-01
v   7.597518e-02   4.021463e-01   2.311617e-01
v  -7.760593e-01  -4.925979e-02  -7.494174e-02
v   5.764059e-01  -3.212997e-01   2.542892e-01
v  -4.837495e-01   3.883589e-01   1.336073e-01
v  -3.237774e-01  -1.736155e-01   2.768080e-01
v   1.284578e-01   4.313427e-01   2.309695e-01
v  -1.322880e-01  -3.591468e-01   1.816146e-01
v   4.336415e-01   4.470166e-01   9.557021e-02
v   4.905784e-01  -1.791809e-01   3.583584e-01
v   1.596390e-01  -9.482359e-02  -3.658106e-01
v  -3.176557e-01   1.911791e-01  -2.894771e-01
v  -8.368356e-01   2.520573e-01   7.730041e-02
v   4.292676e-01   6.260744e-06   3.828475e-01
v   6.296499e-01   3.307128e-01   1.080235e-01
v  -2.206407e-01   2.806521e-01   2.240492e-01
v  -5.183557e-01  -4.323547e-01   1.841223e-01
v   2.119496e-01   4.426413e-01   2.637590e-01
v   1.438530e-01  -5.158540e-01   7.588854e-02
v  -6.890726e-01  -3.157317e-01   6.913216e-02
v  -8.157849e-01  -4.949466e-02   7.002156e-02
v  -7.802234e-01  -1.419645e-01   7.083757e-02
v   3.184993e-01  -4.494401e-01   4.496450e-02
v  -7.386745e-01  -1.415090e-01  -7.546972e-02
v  -7.211859e-01   2.553698e-01   2.395878e-01
v  -2.771218e-01   1.386943e-01   2.779206e-01
v  -1.878021e-04   4.764580e-02  -3.883679e-01
v   9.982636e-02  -4.921823e-01   1.736876e-01
v  -4.047910e-01  -4.000884e-01  -2.036372e-01
v   9.997743e-02   4.380492e-01   1.010028e-01
v  -2.755561e-01  -3.479642e-01   2.451862e-01
v   1.884010e-01   2.682644e-02   3.682239e-01
v  -5.235287e-01  -8.006910e-02   3.074892e-01
v   3.834508e-01   4.233490e-02  -4.494477e-01
v  -7.766437e-01  -4.982455e-02   2.061702e-01
v   7.712994e-02   3.172153e-01  -3.048033e-01
v  -6.255116e-01   3.150717e-01  -1.748430e-01
v  -8.194003e-01   1.569012e-01  -8.193664e-02
v   1.871872e-01  -2.758249e-02   3.711910e-01
v   6.495379e-01  -2.132173e-01  -4.652818e-04
v  -1.285638e-01   3.711299e-01   1.754278e-01
v   3.026513e-01  -3.470398e-01  -2.457389e-01
v   3.142781e-01  -3.165660e-01  -3.263513e-01
v  -3.870653e-01  -3.847261e-02   3.060909e-01
v  -8.585062e-01   1.556806e-01   7.659997e-02
v   2.769384e-01  -2.988343e-01  -3.666696e-01
v  -5.845966e-01  -4.236526e-01   3.599544e-02
v  -3.485425e-01   1.214997e-01   2.945652e-01
v  -7.308337e-01  -2.222120e-01  -3.110321e-04
v  -6.950151e-01  -2.298802e-01  -7.548001e-02
v  -4.131203e-01   4.056036e-01  -3.716027e-02
v  -1.828427e-01   3.224676e-01  -2.238725e-01
v  -5.417401e-01  -1.180403e-01   2.990969e-01
v  -8.328092e-01   2.445292e-01  -1.066364e-03
v  -5.577824e-01  -3.382019e-01   2.245293e-01
v  -3.614461e-01  -4.591816e-01  -4.031622e-02
v   3.315105e-01   4.808356e-01   1.656202e-01
v  -4.456919e-01  -3.979957e-02   3.113733e-01
v   5.098094e-01  -2.543302e-01  -2.388315e-01
v   3.947090e-02  -2.519150e-01  -3.111330e-01
v   2.809828e-01   3.296527e-01   3.268397e-01
v  -7.397185e-01  -2.314790e-01   7.105464e-02
v   1.164764e-01  -2.677349e-01  -3.511082e-01
v  -8.505871e-01   1.487230e-01  -9.102758e-04
v   6.703491e-01  -2.200447e-01   8.010833e-02
v   5.868704e-01  -3.286389e-01   1.079341e-01
v  -6.348141e-01   2.403490e-01   2.777205e-01
v   4.846908e-02   4.027171e-04  -3.721165e-01
v   4.819738e-01  -2.371651e-01  -3.178647e-01
v  -4.544833e-02   1.084335e-01  -3.875161e-01
v  -8.350721e-02   4.068314e-01   1.367082e-01
v   6.667212e-01   1.291727e-01  -1.739158e-01
v  -4.175579e-01  -2.633012e-01  -2.769017e-01
v   7.277637e-01  -1.368835e-01   1.580537e-01
v   6.004050e-01   2.201515e-01   3.163769e-01
v   2.729688e-01   7.549028e-02   3.741869e-01
v  -7.888693e-01   2.078280e-01  -1.197952e-01
v  -2.214831e-01  -3.986582e-01   1.693054e-01
v  -4.151776e-01   3.859448e-01  -1.102162e-01
v   3.365831e-01  -2.395799e-01   3.366328e-01
v  -4.993803e-01   3.968375e-01   1.004810e-01
v  -2.516815e-02  -4.229241e-01   1.515899e-01
v   6.826374e-01  -1.324631e-01  -8.968526e-02
v  -4.294921e-01   4.083525e-01  -1.965340e-05
v   4.959314e-01   1.728163e-01   3.482521e-01
v  -4.818144e-02   4.114314e-01   1.653353e-05
v   3.668999e-01   4.735359e-01   1.406040e-01
v   3.841631e-01   3.317689e-01  -1.947421e-01
v  -1.444138e-01   4.136467e-01  -3.389434e-05
v   5.303281e-01   2.499054e-01  -2.340919e-01
v   3.940191e-01  -7.868761e-02  -4.429850e-01
v  -6.834648e-01  -9.678536e-02  -1.812228e-01
v   9.040967e-02   4.390753e-01   1.174912e-01
v  -3.080287e-01   3.888696e-01  -1.113535e-01
v  -2.192973e-01   4.127454e-01   6.884673e-02
v  -1.594155e-01  -3.254021e-01  -1.691210e-01
v  -7.311720e-01   3.263474e-01  -7.900288e-02
v  -7.710977e-01  -1.339629e-01  -2.083859e-04
v  -2.297594e-01  -3.901945e-01  -1.342862e-01
v  -3.095071e-01  -4.432795e-01  -4.020663e-02
v  -5.674403e-01  -4.133452e-01  -3.998145e-02
v  -4.788756e-01   1.274477e-01   3.115354e-01
v  -6.812273e-01  -3.110764e-01   1.361769e-01
v  -2.821346e-01   4.122462e-02   2.866266e-01
v  -5.163711e-01  -4.645762e-01   1.089499e-01
v  -4.149130e-02  -3.541987e-01   2.152052e-01
v   6.309018e-01   2.061273e-01  -8.567055e-02
v   3.322427e-02   4.171319e-01   3.366954e-02
v   3.420328e-02  -1.593077e-01   2.914173e-01
v   5.978549e-01  -2.962728e-02   3.600655e-01
v   5.326468e-01  -2.674376e-01  -1.605531e-01
v  -6.835371e-01   2.568636e-01  -1.877520e-01
v  -1.245179e-01   2.455392e-01  -3.049220e-01
v   7.585572e-01   4.639635e-02   2.271019e-01
v  -5.871791e-01  -3.531379e-01  -1.113237e-01
v  -4.248939e-01   4.070436e-01  -1.870754e-02
v   2.366666e-01   4.258956e-01   2.893928e-01
v  -4.903611e-01  -3.777527e-01  -1.876649e-01
v   6.264241e-01  -3.002935e-01   1.741732e-01
v   3.241320e-02  -4.671625e-01   1.719644e-01
v  -2.399068e-01   4.128424e-01   3.964645e-05
v  -4.209392e-02   2.913859e-01  -2.933636e-01
v  -3.818860e-01  -1.171251e-01   2.958952e-01
v  -8.050724e-01  -4.490917e-02  -2.065602e-04
v   4.906632e-01   3.659822e-01  -3.959457e-02
v   4.648107e-01   4.297544e-01   7.377658e-02
v  -5.191816e-01   3.818820e-01  -1.104697e-01
v   7.493720e-01  -4.734087e-02   2.259539e-01
v   3.948267e-01  -4.140662e-01   2.382256e-01
v  -1.639828e-01  -1.698180e-01   2.431746e-01
v   1.344150e-01   2.452629e-01  -3.954055e-01
v   6.082659e-01   2.866323e-01  -8.435240e-04
v   7.166771e-01  -1.360846e-01   7.977779e-02
v   3.443822e-01   3.374484e-01  -1.969719e-01
v  -7.202530e-01  -5.609637e-04  -1.792054e-01
v   4.388163e-01  -3.954630e-01   4.468320e-02
v   7.001029e-01  -1.309836e-01  -5.083996e-04
v   7.469145e-01  -4.677781e-02   7.722352e-02
v   2.229152e-01   3.688784e-01  -1.186574e-01
v  -3.743629e-04  -4.701300e-02   2.867827e-01
v   7.577872e-01  -4.629419e-02   1.533497e-01
v   7.497651e-01   1.376590e-01   1.592575e-01
v  -1.608340e-01  -8.576085e-02   2.444823e-01
v   3.008781e-01   3.926326e-01  -3.887575e-02
v   1.160311e-01  -2.303230e-01  -3.700659e-01
v  -3.343296e-01   4.114424e-01  -2.994142e-05
v   4.075030e-01  -3.563718e-01   2.903241e-01
v  -7.430511e-01   2.870499e-01  -1.207840e-01
v   4.970935e-01  -4.324566e-02   3.765221e-01
v   4.287955e-01   2.800610e-01   3.293508e-01
v  -3.747800e-02   1.449586e-01   2.697862e-01
v   2.632341e-01   3.116793e-01  -3.126589e-01
v  -4.271702e-02   2.609326e-01  -3.216081e-01
v  -1.238946e-01   2.118829e-01  -3.289211e-01
v   2.240374e-01  -4.499799e-01  -4.288385e-02
v  -4.151243e-02   1.934076e-01  -3.696499e-01
v  -7.303431e-01  -2.302426e-01   1.398514e-01
v   5.553172e-01  -2.816008e-01  -8.317543e-02
v   1.019233e-01   3.986843e-01  -3.998258e-02
v  -1.580883e-04  -1.404900e-01   2.781315e-01
v  -4.322739e-02   4.137343e-01   1.746116e-02
v  -1.517191e-01  -3.130665e-02   2.483004e-01
v   6.781237e-01  -4.576119e-02  -2.591120e-01
v   2.213965e-01   3.943925e-01  -3.898612e-02
v   2.483688e-01  -2.823140e-01  -3.823356e-01
v   3.434562e-01   3.929656e-01  -3.838673e-02
v   3.380499e-01   4.213619e-02  -4.505663e-01
v   1.499188e-01  -3.866794e-01   2.656111e-01
v   2.903915e-01   3.139617e-01  -2.925030e-01
v   6.607281e-01   2.996598e-01   1.739233e-01
v   1.148062e-01  -5.168772e-01   9.724007e-02
v   2.906572e-01  -4.200544e-01  -4.198233e-02
v  -2.987080e-01   4.018076e-01   1.016590e-01
v  -1.916676e-01   9.577927e-02   2.690047e-01
v   6.395792e-02  -2.648080e-01   2.819244e-01
v   1.813378e-01   3.957881e-01  -3.927389e-02
v   4.260291e-01  -1.428666e-01   3.656081e-01
v   6.042573e-01  -2.508499e-01  -4.398282e-02
v   7.535054e-01   4.640686e-02   7.723271e-02
v   2.509387e-02   3.681141e-02  -3.885130e-01
v  -5.984687e-01   3.923835e-01   6.800196e-02
v  -1.892727e-01   4.016327e-01  -7.512986e-02
v  -1.068382e-01  -3.794008e-01   3.390097e-02
v  -4.697615e-01  -4.357083e-01  -1.174162e-01
v   1.756357e-01  -3.136845e-01  -3.338711e-01
v  -8.187489e-01   2.490256e-01   1.491920e-01
v  -3.659803e-02   3.107528e-01   2.389533e-01
v   7.673492e-01   4.625109e-02   1.541449e-01
v   2.773804e-01   2.161598e-02  -4.437449e-01
v  -3.311454e-01  -3.844258e-02   2.967821e-01
v   3.853848e-01   3.640218e-01  -1.161968e-01
v   3.451941e-01   3.672775e-01  -1.175193e-01
v   2.589071e-01  -3.975200e-01  -1.262612e-01
v   5.793324e-01  -2.636483e-01   3.047021e-01
v  -1.875875e-01   2.081363e-01   2.442101e-01
v   6.593688e-01   2.083140e-01  -4.521417e-04
v   4.979007e-01  -2.617338e-01   3.339005e-01
v   2.490055e-01  -2.366071e-01  -4.032610e-01
v   1.423187e-01   3.977268e-01  -3.961110e-02
v  -3.627084e-01  -2.336254e-01  -2.926678e-01
v  -3.984114e-02   2.714588e-04   2.662320e-01
v  -5.790670e-01  -2.591332e-01   2.491557e-01
v  -6.352959e-01  -3.804074e-01   1.037540e-01
v   4.172798e-01  -3.745787e-01  -4.337972e-02
v   2.119935e-01  -4.866225e-01   2.308045e-02
v  -3.967218e-01   4.101053e-02   3.084657e-01
v  -6.454397e-01  -1.757971e-01  -1.817257e-01
v  -2.615631e-01   4.075511e-01  -3.770625e-02
v   6.881619e-01  -2.191158e-01   1.763000e-01
v  -2.965726e-01  -3.426628e-01  -2.430913e-01
v   1.360885e-01  -5.013625e-01   2.555961e-02
v   6.170667e-01   2.447404e-01  -4.220815e-02
v   7.052062e-01  -4.542555e-02  -1.746450e-01
v  -5.950796e-01  -4.030209e-02   3.054017e-01
v   4.031325e-01  -2.845446e-01  -3.153874e-01
v  -5.515798e-01  -4.030243e-02   3.108092e-01
v  -9.078357e-02  -3.642959e-01  -2.913767e-02
v  -4.762996e-01   2.098406e-01   2.969794e-01
v   3.713906e-01   2.982780e-01  -2.763066e-01
v  -1.289280e-01   4.169674e-01   5.225299e-02
v   7.116278e-01  -8.841838e-02  -4.520609e-02
v  -5.233986e-01   4.035017e-01  -7.530581e-05
v  -2.438552e-01  -4.024225e-01  -1.190651e-01
v   9.643220e-02  -2.801517e-01   2.870466e-01
v   7.304983e-01   1.351636e-01   7.973793e-02
v   7.187642e-01  -4.557314e-02  -8.847693e-02
v  -6.998936e-01   1.251007e-01   2.855335e-01
v  -7.901908e-01   2.929013e-01  -4.160589e-02
v  -1.342821e-01  -3.334290e-01  -1.012323e-01
v   3.149420e-01  -4.033549e-01  -6.359280e-02
v   6.822101e-01   1.282502e-01  -8.723262e-02
v  -1.091456e-01   2.542361e-01   2.360345e-01
v   6.909050e-01   2.175752e-01   8.012981e-02
v   2.898347e-01  -4.726310e-01   6.925063e-02
v   1.626661e-01   1.348138e-01  -4.362477e-01
v   1.727050e-01   2.222697e-01  -4.128200e-01
v  -2.402567e-01  -1.287506e-01   2.651896e-01
v   6.425188e-01  -8.267046e-02  -3.022056e-01
v  -5.090882e-01  -3.140671e-01   2.503050e-01
v   2.839899e-01  -3.822088e-01  -1.482676e-01
v   9.921241e-02  -5.133526e-01   1.086022e-01
v   3.893763e-02   2.213145e-02  -3.833673e-01
v  -2.468636e-01  -4.205088e-01   1.990591e-02
v   6.005537e-01   2.925680e-02   3.603741e-01
v   2.995271e-01   4.482582e-01   2.801558e-01
v   3.804103e-01   4.153729e-01   3.053398e-01
v   6.019595e-01  -2.061765e-01  -1.713313e-01
v   6.086587e-01  -3.153386e-01   1.419879e-01
v  -1.676764e-01   4.092523e-01  -3.774284e-02
v  -1.863544e-01  -3.903255e-01   1.309667e-01
v  -5.934887e-01   3.893237e-01  -3.719412e-02
v  -6.384622e-01   3.551674e-01  -1.082278e-01
v   6.464939e-01   8.033787e-02  -3.005109e-01
v   3.644074e-01  -3.716024e-01  -1.073002e-01
v   1.672223e-01   2.197066e-02  -4.099412e-01
v   4.605942e-01   2.221550e-01   3.376985e-01
v  -7.386096e-01  -1.360918e-01   2.075087e-01
v  -3.121923e-01   4.076338e-01  -3.760333e-02
v  -5.418477e-01   2.446528e-01   2.858666e-01
v   6.453157e-01  -1.736276e-01  -1.319225e-01
v   4.673905e-01   9.073438e-02   3.708743e-01
v   1.821676e-01  -7.623555e-02  -3.812542e-01
v   5.554645e-01   1.695385e-01  -3.270591e-01
v   4.892507e-01   2.280417e-01  -3.072833e-01
v  -4.455223e-01   3.183939e-01  -2.097212e-01
v   3.634520e-01  -7.828906e-05  -4.494078e-01
v  -3.613062e-01   3.875383e-01  -1.108341e-01
v  -5.467569e-01   8.476610e-02   3.152499e-01
v  -6.692399e-02  -3.843988e-01   1.236034e-01
v  -2.688133e-02  -3.750342e-01   2.040832e-01
v   1.271426e-01  -4.851244e-01  -3.694598e-03
v   4.086368e-02  -4.582952e-01  -2.671101e-03
v   5.277891e-01   1.242785e-01   3.570617e-01
v   4.956326e-01   4.178431e-02   3.749807e-01
v   6.801684e-01   4.467168e-02  -2.583576e-01
v   2.023128e-01   1.975400e-01   3.213718e-01
v   6.663371e-01  -1.724376e-01  -4.397302e-02
v   5.797345e-01  -1.931199e-01  -2.526995e-01
v   5.992421e-01   8.662083e-02   3.548429e-01
v  -5.159346e-01   4.275345e-02   3.170867e-01
v  -4.751916e-01  -4.433962e-01   1.887170e-01
v  -6.735427e-01   3.699772e-01   9.995809e-02
v   6.495896e-01  -2.095261e-01   2.869585e-01
v   5.789649e-01  -1.862604e-01   3.377676e-01
v  -5.581009e-01   1.720616e-01  -2.670096e-01
v   2.182064e-01  -3.760473e-01  -2.043397e-01
v   1.673272e-01  -3.469589e-01  -2.727622e-01
v  -9.610287e-02  -2.663259e-01   2.332271e-01
v  -3.215734e-02  -3.296840e-01   2.367381e-01
v   2.622883e-01   3.674724e-01  -1.184645e-01
v   1.378554e-01  -3.449786e-01  -2.633266e-01
v  -6.092166e-01  -2.400138e-01  -1.804021e-01
v  -6.349833e-01  -1.878611e-01   2.572084e-01
v   3.322483e-01   3.947771e-01   3.166879e-01
v  -6.438156e-01  -2.388524e-01   2.299234e-01
v   5.764374e-01  -2.988413e-01   2.818135e-01
v   6.461372e-01  -2.451238e-01   2.637671e-01
v   1.979375e-01   6.610977e-02  -4.386862e-01
v  -1.621085e-01  -1.272692e-01   2.454786e-01
v   6.529392e-02  -1.754242e-01   3.006472e-01
v   5.463338e-01   2.116110e-01  -2.814125e-01
v   3.151992e-02  -3.371215e-01   2.593765e-01
v   2.254714e-01   4.642042e-01   2.323869e-01
v   1.636091e-01   4.569176e-01   1.678323e-01
v  -4.866092e-01  -2.316135e-01   2.753019e-01
v   5.275429e-01  -1.288568e-01   3.641495e-01
v  -4.434042e-01  -4.230206e-01  -1.601620e-01
v   2.331827e-01   3.069938e-01  -3.296866e-01
v   6.523969e-01   2.527910e-01   4.087126e-02
v   4.273847e-01  -1.541026e-01  -4.261274e-01
v  -5.690037e-01  -3.050166e-01  -1.780674e-01
v   7.315349e-01   8.946596e-02   3.975284e-02
v   7.156915e-01   4.407840e-02  -8.691076e-02
v   1.085096e-01  -1.446101e-01  -3.625108e-01
v   2.965628e-01  -4.843133e-01   1.147602e-01
v  -2.073769e-01  -3.745323e-02   2.652962e-01
v  -2.557046e-01  -1.124607e-01   2.702196e-01
v   1.691614e-01   2.935560e-01  -3.599269e-01
v   3.556818e-02   1.484833e-01   2.808784e-01
v  -3.143980e-03  -3.195554e-01   2.543059e-01
v  -1.974407e-03  -2.314587e-01   2.692031e-01
v   7.046035e-01   4.413214e-02  -1.731179e-01
v   3.447323e-01   2.272806e-01  -3.874861e-01
v   4.355208e-01   1.391852e-01   3.616773e-01
v   5.141347e-01   3.181692e-01  -1.145469e-01
v   5.498740e-01  -1.755483e-01  -3.341934e-01
v  -5.085895e-01   3.978990e-01  -5.590839e-02
v  -1.369770e-01   3.208567e-01   2.104233e-01
v  -1.885637e-01   1.708342e-01   2.549654e-01
v   7.302151e-01  -4.444685e-02  -6.932678e-04
v   3.885047e-02  -1.831808e-01  -3.565752e-01
v   3.339743e-02  -3.516427e-01  -1.769377e-01
v   6.778590e-01  -9.011464e-02  -2.200203e-01
v   3.218187e-01  -3.471982e-01   2.984964e-01
v  -1.195630e-01   4.086376e-01  -3.770917e-02
v   3.551132e-01  -3.261424e-01   3.091957e-01
v   4.468963e-01  -2.289856e-01   3.471976e-01
v  -3.115551e-01   4.088530e-01   6.824666e-02
v   6.799696e-01   8.793828e-02  -2.179199e-01
v  -2.424854e-01  -1.710932e-01   2.614584e-01
v  -1.671944e-01  -2.138099e-01   2.418529e-01
v   3.037868e-02  -4.434035e-01   2.001512e-01
v   7.398975e-02   1.084085e-01  -4.157552e-01
v  -1.258639e-01  -1.916998e-01   2.394893e-01
v   6.700786e-01   1.676392e-01  -4.280110e-02
v   6.501147e-01   1.690182e-01  -1.291361e-01
v   3.386341e-02   3.173177e-01   2.576491e-01
v   1.041093e-01   2.704623e-01   2.845878e-01
v   3.867447e-01  -3.237478e-01  -2.192537e-01
v  -6.533954e-01  -2.490384e-02  -2.291580e-01
v  -6.449802e-02  -2.546215e-01   2.447735e-01
v  -5.184650e-01  -3.553959e-01  -1.857490e-01
v   7.006280e-01   1.279156e-01  -1.643489e-03
v   7.284512e-01   4.392708e-02  -1.904548e-03
v   5.337169e-01  -2.160664e-01  -2.867736e-01
v   3.023713e-01   4.812706e-01   1.857016e-01
v   5.930201e-01  -8.788356e-02   3.564763e-01
v  -2.423318e-01   3.459102e-01   1.912291e-01
v  -3.220593e-01   3.183858e-01   2.176178e-01
v  -4.244590e-01  -1.970730e-01   2.840307e-01
v   3.862523e-01   7.388827e-02   3.794222e-01
v   3.131225e-01   2.488110e-02   3.868477e-01
v  -1.553617e-03   1.403997e-01  -3.995104e-01
v  -5.274102e-01   3.557204e-01   1.954605e-01
v   4.963869e-01  -3.359228e-01   2.905563e-01
v  -4.670076e-01   3.858827e-01  -1.102871e-01
v   2.198829e-01  -4.995696e-01   7.320169e-02
v   2.786738e-01  -4.560529e-01   2.384142e-02
v   1.705741e-01  -5.047966e-01   1.606688e-01
v  -4.572357e-01   2.296794e-01   2.880992e-01
v   5.396378e-01   4.138226e-01   2.294272e-01
v   6.394690e-01  -1.276464e-01  -2.619917e-01
v   7.135673e-01   2.181179e-01   1.764829e-01
v   2.327498e-01  -1.399448e-01  -4.038955e-01
v  -2.946706e-02  -6.279920e-02   2.722903e-01
v   6.975702e-01  -8.924592e-02  -1.338835e-01
v  -2.331954e-01  -3.798789e-01  -1.624648e-01
v   4.968646e-01  -1.112926e-01  -4.177221e-01
v  -7.568049e-01   1.758144e-01   2.483674e-01
v  -8.168095e-01   1.981086e-01   1.880723e-01
v  -5.783964e-01   1.258292e-01   3.113481e-01
v  -6.046834e-01   4.193035e-02   3.101034e-01
v   4.237156e-01   3.571358e-01  -1.156378e-01
v   4.602549e-01   3.783936e-01  -3.854721e-02
v  -6.783120e-01   4.300283e-02   2.931182e-01
v   5.156801e-01   2.541599e-01   3.248152e-01
v   2.239943e-01   1.260418e-01   3.477907e-01
v   3.008309e-01   1.686329e-01   3.450747e-01
v  -3.604282e-02  -4.141219e-01   2.293037e-03
v  -1.138959e-01  -3.731183e-01   4.205892e-03
v  -3.298136e-01  -3.771127e-01   2.422105e-01
v   4.184819e-01   3.256274e-01  -1.905341e-01
v   4.432429e-01   2.800733e-01  -2.613254e-01
v   3.099125e-02  -4.835771e-01   7.073347e-02
v  -5.086218e-01   4.018397e-01   6.739537e-02
v   7.446228e-02  -4.162651e-01   2.377818e-01
v  -5.339295e-01  -6.061715e-02   3.090047e-01
v  -4.561261e-01  -2.036733e-02   3.127394e-01
v  -2.573797e-01   3.894613e-01  -1.115167e-01
v  -2.141461e-01   4.089444e-01  -3.779421e-02
v   4.256971e-01   1.461511e-01  -4.142287e-01
v   3.419767e-01   1.614411e-01  -4.351289e-01
v   6.228928e-01  -1.680640e-01  -2.178365e-01
v   5.966186e-01  -1.529665e-01  -3.000334e-01
v  -6.640017e-01   2.038002e-01   2.835709e-01
v  -5.564717e-01  -4.150387e-01   1.736734e-01
v   3.931369e-01  -3.916534e-01  -2.190175e-02
v  -4.780942e-01  -3.728709e-01   2.384860e-01
v   6.953103e-01   8.643160e-02  -1.311858e-01
v  -5.738874e-01  -1.283773e-04   3.124860e-01
v   6.204650e-01  -1.582632e-01   3.293847e-01
v  -2.973259e-02  -1.562368e-01   2.641435e-01
v  -8.878601e-02  -9.462850e-02   2.451359e-01
v  -3.592183e-01   4.068360e-01  -3.765916e-02
v  -1.088732e-01  -3.669741e-01   1.628657e-01
v   6.366136e-01   1.551215e-01   3.239791e-01
v   6.855886e-01  -1.397341e-01   2.893641e-01
v  -5.038918e-01  -4.593605e-01   1.491885e-01
v  -7.646420e-04   4.356045e-02   2.871607e-01
v  -5.613710e-04   1.301724e-01   2.768840e-01
v   3.321973e-01  -4.122108e-02  -4.434721e-01
v   3.554691e-01  -3.173933e-01  -2.823366e-01
v   2.883874e-01  -3.673914e-01   2.884882e-01
v  -9.293264e-02  -1.790573e-01   2.433299e-01
v   4.152922e-01   2.467695e-02   3.826620e-01
v   2.399512e-01   2.635035e-01   3.207368e-01
v   7.007142e-01   6.842386e-06  -2.120153e-01
v   6.674403e-01  -1.307761e-05  -2.924018e-01
v   1.246741e-01  -2.917239e-01   2.898668e-01
v   1.189561e-01  -3.751780e-01   2.659276e-01
v  -7.753070e-01   2.287977e-01   2.166978e-01
v   7.071835e-01   8.599481e-02  -4.479560e-02
v   3.828468e-01   3.904509e-01  -3.941688e-02
v   7.447061e-02  -1.622400e-01  -3.595398e-01
v  -4.268084e-01   4.239573e-02   3.123168e-01
v  -4.463073e-01   1.270101e-01   3.088544e-01
v   5.018919e-01  -3.723617e-02  -4.264893e-01
v   4.533363e-01  -3.100306e-01   3.142858e-01
v  -6.167192e-01   3.428655e-01  -1.439000e-01
v  -5.318219e-01   3.611134e-01  -1.452611e-01
v   7.004599e-01   1.383108e-01   2.898452e-01
v  -2.539461e-01  -3.687747e-01   2.258854e-01
v  -7.687170e-01   3.135952e-01  -4.208731e-02
v   6.041500e-01   1.482654e-01  -2.955081e-01
v   6.301536e-01   1.641637e-01  -2.142510e-01
v   3.209968e-01   3.248218e-01  -2.432479e-01
v   2.228411e-01  -4.012660e-02  -4.138487e-01
v   2.539362e-01  -1.210450e-01  -4.149802e-01
v  -2.475434e-01   2.281004e-01   2.463691e-01
v  -2.111171e-01   4.096597e-01   8.583092e-02
v  -2.904407e-01   3.960998e-01   1.178676e-01
v  -8.862723e-02   6.271133e-02  -3.742123e-01
v  -1.507061e-01  -2.527571e-01  -2.584508e-01
v   9.403953e-02   1.868067e-01  -4.140080e-01
v   7.052514e-02   1.668766e-01   2.875514e-01
v  -4.518858e-01  -3.539724e-01  -2.299024e-01
v   1.662174e-01  -2.693808e-01   3.026838e-01
v   2.436064e-01  -3.078945e-01   3.041357e-01
v   3.229057e-01   4.673531e-01   1.196111e-01
v  -7.029232e-01   2.020775e-01   2.711215e-01
v   3.835099e-01   2.473731e-01  -3.481092e-01
v  -8.334184e-01   1.035699e-01  -4.133171e-02
v  -6.344072e-01   8.547306e-02   3.052861e-01
v   1.476943e-01  -2.122271e-01  -3.819878e-01
v   3.392099e-02  -3.721341e-01  -1.468848e-01
v  -2.517797e-02  -3.316328e-01  -1.328018e-01
v  -7.948725e-01   1.066122e-01  -1.182239e-01
v  -3.791670e-01   2.225782e-01   2.771194e-01
v   1.981905e-01  -3.481906e-01  -2.793670e-01
v   5.980252e-01   3.729262e-01   1.795592e-01
v   3.323810e-01  -4.721136e-01   1.336383e-01
v  -3.344974e-01  -4.344147e-01  -1.215065e-01
v  -6.962349e-01  -2.132927e-01   2.052129e-01
v   7.343989e-01   1.698650e-01   2.022181e-01
v  -8.344451e-01   2.025084e-01  -4.080135e-02
v   3.644917e-01  -1.210880e-01  -4.365164e-01
v  -1.124967e-01   9.594983e-02   2.687131e-01
v  -1.336827e-01  -3.561755e-01  -3.185003e-02
v  -6.610044e-01   1.269440e-01   2.975274e-01
v   7.190497e-01   2.852599e-05  -1.276636e-01
v   7.283959e-01  -9.639228e-06  -4.245720e-02
v   2.490095e-01  -3.719944e-01  -2.082930e-01
v   2.608266e-01  -3.453090e-01  -2.889236e-01
v  -8.758760e-02   1.629093e-01  -3.648389e-01
v  -5.762078e-01   3.801133e-01   1.332768e-01
v  -6.603790e-01   3.640621e-01   1.325686e-01
v  -4.924974e-01  -1.177243e-01   3.029294e-01
v   4.780198e-01  -3.921460e-01   2.166470e-01
v  -5.138878e-01  -4.528242e-01  -1.586876e-03
v  -4.301253e-01  -4.697904e-01  -1.479091e-03
v  -5.087417e-01   3.741320e-01   1.656321e-01
v   6.310835e-01  -2.561926e-01   4.089005e-02
v  -4.585045e-01   3.756471e-01   1.660475e-01
v  -3.018499e-01  -4.402519e-01   1.593199e-01
v   2.649127e-01  -7.632303e-02   3.728279e-01
v   5.565240e-01   2.653196e-01  -1.568020e-01
v   6.134908e-01   2.028457e-01  -1.677156e-01
v   3.607063e-01  -2.609016e-01  -3.818334e-01
v   2.982461e-01  -3.078733e-01  -3.478860e-01
v  -7.332714e-01  -8.767866e-02   2.370402e-01
v   3.223843e-01   3.790989e-01  -7.803153e-02
v  -7.407071e-02   1.586148e-01   2.622464e-01
v  -4.840591e-01   3.183856e-02  -3.026346e-01
v   4.600742e-01  -3.068037e-01  -1.758233e-01
v  -1.031830e-01  -3.802106e-01   4.714247e-02
v  -3.423462e-02  -4.193730e-01   1.575386e-02
v   5.033020e-01   3.966498e-01   2.834247e-01
v   1.906701e-01  -2.013363e-01   3.278770e-01
v   2.652954e-01  -2.418447e-01   3.261332e-01
v   3.992734e-01   7.775466e-02  -4.424613e-01
v   6.943601e-02   2.519641e-01   2.771122e-01
v   3.905665e-01   4.425717e-01   7.321466e-02
v  -1.891230e-01  -3.262591e-01  -1.972022e-01
v   4.850723e-01   3.335386e-01  -1.165741e-01
v   2.841535e-01   1.289565e-01  -4.534452e-01
v   6.487676e-01   3.165922e-01   1.429423e-01
v  -1.117687e-01   5.647827e-02   2.678969e-01
v  -3.630242e-02   1.906065e-02   2.782277e-01
v  -6.219569e-01   2.676829e-01  -2.126856e-01
v  -4.935363e-01   1.894516e-01   3.027593e-01
v   2.243830e-01  -5.059501e-01   1.196419e-01
v   2.966890e-01  -4.842971e-01   1.584069e-01
v   6.153965e-01  -2.373372e-01   2.963385e-01
v   2.713414e-01  -4.832657e-01   1.782692e-01
v  -8.024552e-01   1.473294e-01   2.182793e-01
v  -7.198612e-01  -3.859318e-02   2.626719e-01
v  -6.813167e-01  -1.140876e-01   2.617585e-01
v   5.329414e-01   3.387371e-01   2.947903e-01
v   4.591441e-01   3.776014e-01   3.098057e-01
v  -1.786691e-03   2.992560e-01   2.535712e-01
v  -9.200450e-04   2.153902e-01   2.659706e-01
v  -5.050061e-01  -4.205284e-01  -1.164173e-01
v  -5.384976e-01  -4.332391e-01  -3.968080e-02
v   3.042047e-01   1.259829e-01  -4.501303e-01
v   3.135929e-01   4.185280e-02  -4.505423e-01
v   7.233294e-01   1.798114e-01   1.192032e-01
v   6.959070e-01   1.720436e-01   3.954780e-02
v   6.667896e-01   2.414709e-01   2.614900e-01
v   6.022264e-01   2.933535e-01   2.782267e-01
v   7.002345e-01  -1.831304e-01   2.359709e-01
v  -3.898283e-01  -4.636630e-01  -4.183956e-02
v  -3.955345e-01  -4.436621e-01  -1.237195e-01
v  -5.621258e-01   3.745914e-01  -1.110289e-01
v  -3.823159e-01   1.236474e-01   3.000341e-01
v  -3.036646e-01   2.502072e-01   2.489872e-01
v   6.448106e-01   1.242460e-01  -2.590294e-01
v   7.725532e-02  -6.466660e-02  -3.502889e-01
v   3.667535e-02  -1.406491e-01  -3.568102e-01
v  -3.783620e-01   2.216295e-01  -2.733921e-01
v   6.074725e-02  -3.508799e-01   2.617237e-01
v   5.689075e-01  -3.168220e-01   3.198396e-02
v   6.176297e-01  -2.964604e-01   9.766150e-02
v  -5.367309e-01   9.575598e-02  -2.848756e-01
v   4.510982e-01   4.088738e-01   2.507510e-02
v   5.097155e-01  -3.378948e-01  -2.275362e-02
v   4.401943e-01  -3.579662e-01  -6.587522e-02
v   3.599142e-02  -1.000397e-01  -3.587754e-01
v   3.426226e-01  -4.273710e-01   2.191611e-02
v   4.126822e-01  -4.147662e-01   6.685099e-02
v  -1.902790e-01   2.948096e-01  -2.499280e-01
v  -4.049277e-01  -2.170729e-01   2.785294e-01
v  -3.683382e-01   3.816869e-01   1.496851e-01
v  -4.449064e-01   3.666666e-01   1.811738e-01
v  -4.509479e-01  -4.286863e-01   2.069425e-01
v  -3.772288e-01  -4.515031e-01   1.734801e-01
v   4.108053e-01  -3.081512e-01  -2.360121e-01
v   2.219634e-01   4.410672e-01   6.969936e-02
v   2.886836e-01   4.203666e-01   2.282601e-02
v   3.101161e-01  -3.674498e-01  -1.662168e-01
v   9.041617e-02   2.623448e-01  -3.740901e-01
v  -2.630285e-01  -3.776511e-01  -1.897609e-01
v  -2.523244e-01  -3.175743e-01  -2.475898e-01
v  -5.834643e-01   3.268178e-01  -1.770354e-01
v   6.390659e-01  -2.858761e-01   2.051488e-01
v   3.627846e-01  -3.394108e-01  -2.026084e-01
v   3.904808e-01  -3.569274e-01  -1.252629e-01
v  -5.059534e-01   1.271770e-01   3.129625e-01
v  -4.901592e-01   2.807374e-01  -2.348562e-01
v  -4.899550e-01   3.423132e-01  -1.777700e-01
v   4.925094e-01   1.044532e-01  -4.049444e-01
v  -1.054103e-01   3.267511e-02  -3.706483e-01
v  -6.958899e-01  -1.882880e-01  -1.118300e-01
v  -7.368198e-01  -1.830772e-01  -3.872632e-02
v   5.168585e-01   3.512737e-01  -4.046301e-02
v   3.773950e-01  -7.467026e-02   3.772959e-01
v   3.101875e-01  -2.518068e-02   3.859817e-01
v   1.273733e-01   4.186684e-01   2.295174e-02
v  -3.741700e-01  -3.809653e-01  -2.235851e-01
v  -3.038459e-01  -3.998282e-01  -1.820354e-01
v   3.288142e-01   4.607894e-01   2.643337e-01
v   2.183832e-01  -4.708756e-01   2.128807e-01
v   1.991313e-01  -5.074233e-01   1.400488e-01
v  -2.457758e-01  -2.470039e-01  -2.924825e-01
v  -2.413305e-01  -1.683801e-01  -3.211101e-01
v   8.080952e-02  -9.430589e-02   3.244261e-01
v  -1.299336e-01   1.217914e-01  -3.602880e-01
v  -2.093431e-01   1.235429e-01  -3.337544e-01
v   1.005092e-01  -3.728775e-01  -1.983358e-01
v  -2.513432e-01   4.122167e-02   2.801152e-01
v   2.342045e-02   1.526491e-01  -4.051842e-01
v  -5.303503e-01   2.442540e-01  -2.497973e-01
v  -6.115592e-01   2.404071e-01  -2.300379e-01
v   4.996059e-01   3.569286e-02  -4.212147e-01
v  -1.209089e-01  -1.056501e-01   2.385542e-01
v   2.885089e-01  -1.729825e-01   3.508119e-01
v   2.167606e-01  -1.303970e-01   3.558723e-01
v  -2.671115e-03  -1.976871e-01  -3.333297e-01
v  -2.232921e-03  -2.559308e-01  -2.733707e-01
v  -5.267782e-01  -3.969242e-01   2.108581e-01
v   4.743321e-01   4.449927e-01   1.206661e-01
v   4.095247e-01   4.734036e-01   1.650583e-01
v   6.043360e-01   3.157015e-01   3.160517e-02
v   6.525247e-01   2.964578e-01   9.702955e-02
v   4.495595e-01   3.147173e-01  -1.905577e-01
v   4.824521e-01  -7.492626e-02  -4.308903e-01
v   4.043247e-01  -1.668143e-01   3.605264e-01
v  -3.686639e-01  -2.797729e-01   2.686259e-01
v  -3.687230e-01   4.097286e-02   3.040000e-01
v   5.509159e-01   2.043315e-01   3.336440e-01
v   5.641643e-01   2.815345e-01   3.050779e-01
v   5.453856e-01  -3.632402e-01   1.749535e-01
v   3.008977e-01   2.038906e-01  -4.211475e-01
v   3.016908e-01   2.652871e-01  -3.648863e-01
v   5.414362e-01  -2.109610e-01   3.428566e-01
v   5.418058e-01  -2.880261e-01   3.112831e-01
v   5.092335e-01   2.862954e-01  -1.876653e-01
v   4.735881e-01   2.664791e-01  -2.601828e-01
v  -3.377233e-01  -3.640669e-01  -2.346911e-01
v   1.290570e-01   1.168411e-01  -4.298195e-01
v  -1.723960e-03   2.843083e-01  -3.162278e-01
v  -1.863763e-03   2.198996e-01  -3.686963e-01
v  -7.287834e-02   2.409852e-01   2.454060e-01
v   5.773113e-01   2.282625e-01  -2.028152e-01
v  -7.384049e-01  -9.608328e-02  -1.107748e-01
v  -6.909612e-01  -3.899795e-02   2.774027e-01
v  -4.736795e-01  -4.757200e-01   1.141667e-01
v  -4.488610e-01  -4.777704e-01   9.457009e-02
v  -3.765922e-01  -4.673021e-01   1.339292e-01
v   6.602970e-01   2.931758e-02   3.370981e-01
v   5.577671e-01  -2.298973e-01  -2.056306e-01
v  -5.614140e-01  -3.775337e-01  -1.149847e-01
v   7.695732e-02  -2.437545e-01  -3.444364e-01
v   3.361449e-02  -1.129636e-01   2.974121e-01
v  -6.901694e-01  -2.696393e-01  -3.757736e-02
v   1.769570e-01  -1.890526e-01  -3.900313e-01
v   7.264903e-01  -8.985049e-02   4.065360e-02
v  -4.947770e-01   2.134112e-02   3.167668e-01
v   3.346572e-01  -1.222679e-01   3.650828e-01
v  -2.728210e-01  -4.364602e-01   3.982967e-02
v  -8.362897e-02   2.369863e-01  -3.261072e-01
v  -3.738710e-01  -3.489059e-01  -2.507188e-01
v   6.524988e-01  -8.809132e-02   3.313188e-01
v   7.052697e-01  -3.010129e-02   3.050706e-01
v   4.122828e-01  -2.500083e-02   3.822423e-01
v  -3.611185e-02   3.860812e-01  -1.306911e-01
v   8.358330e-02   8.899014e-02   3.121518e-01
v   4.542286e-01  -2.415695e-01  -3.392489e-01
v   4.678281e-01  -1.822888e-01  -3.952102e-01
v  -3.931544e-01   3.503525e-01  -1.803162e-01
v   9.282810e-02  -4.414402e-01   2.276590e-01
v   3.874226e-01  -1.981614e-01  -4.160241e-01
v   3.360034e-01  -1.218057e-01  -4.332451e-01
v  -6.538289e-01  -2.643246e-01  -1.108587e-01
v   5.126081e-01   3.857255e-01   2.298452e-02
v  -2.774640e-01   2.353734e-01  -2.749114e-01
v  -2.593777e-01   1.626516e-01  -3.091094e-01
v  -7.282212e-01   1.223312e-01   2.731026e-01
v  -7.360093e-01   4.057409e-02   2.671503e-01
v   5.772007e-01   2.766192e-01  -8.053414e-02
v  -1.115937e-01   1.344619e-01   2.635688e-01
v  -6.516617e-01  -1.143904e-01   2.753149e-01
v  -6.295002e-01  -3.859401e-02   2.982611e-01
v  -5.804279e-01  -3.128183e-01   2.244305e-01
v  -6.335862e-01  -3.416712e-01   1.688720e-01
v   4.373060e-01  -3.240613e-01  -1.588585e-01
v   5.936456e-01   1.892649e-01  -2.493244e-01
v  -1.664968e-01   3.749182e-02   2.656401e-01
v   4.579807e-01  -2.751159e-01  -2.696464e-01
v   4.831255e-01  -2.897239e-01  -1.928506e-01
v   2.728015e-01  -1.014748e-01  -4.224255e-01
v   3.105017e-01  -6.222106e-02  -4.369651e-01
v   2.409002e-01  -2.089914e-02  -4.235222e-01
v   5.878119e-01   3.681242e-01   1.000721e-01
v  -3.713564e-01   3.367111e-01   2.069476e-01
v   3.547456e-01   3.238457e-01   3.315304e-01
v   1.099076e-01   9.423691e-05   3.445220e-01
v   3.700439e-02  -8.094388e-06   3.070026e-01
v  -2.142068e-01  -2.919007e-01  -2.512103e-01
v  -1.502354e-01  -2.984379e-01  -2.003863e-01
v  -5.927176e-01  -3.920398e-01  -4.005572e-02
v   3.652311e-01   4.386279e-01   6.011149e-02
v   3.910955e-01  -2.790005e-01  -3.391505e-01
v   4.256515e-01   2.094108e-01  -3.665570e-01
v   5.312250e-01  -3.181684e-01  -3.882027e-02
v   5.072680e-01  -3.036391e-01  -1.157471e-01
v   4.632663e-01  -3.412512e-01  -8.300557e-02
v   5.790210e-01  -2.432432e-01  -1.271475e-01
v   6.394703e-01   2.327372e-01   2.909338e-01
v   2.272883e-01   3.460615e-01   3.148623e-01
v  -4.710236e-01   6.297337e-02  -3.021447e-01
v   5.921430e-01   3.324268e-01   3.722908e-02
v   6.163804e-01   3.469525e-01   1.139481e-01
v   4.790522e-01   7.078964e-02  -4.205767e-01
v   4.811078e-01  -3.970168e-01   1.800872e-01
v  -4.243201e-01  -4.778665e-01   7.576707e-02
v   4.569976e-01  -1.112042e-01  -4.317839e-01
v   4.254851e-01  -3.716850e-02  -4.454372e-01
v   3.356908e-01   2.301094e-01   3.384345e-01
v   3.282279e-01   3.112801e-01   3.339063e-01
v  -1.641187e-01  -3.467581e-01   1.982893e-01
v  -1.403305e-01  -2.741726e-01   2.269842e-01
v   4.115456e-01   4.277623e-01   2.898340e-01
v   3.890027e-01   4.724721e-01   2.256026e-01
v  -5.890795e-01   1.557195e-01  -2.620721e-01
v  -3.871892e-04  -1.218666e-01  -3.641087e-01
v  -2.055204e-04  -4.058234e-02  -3.712596e-01
v   6.860787e-01  -1.752282e-01   3.948910e-02
v   7.031047e-01  -1.805122e-01   1.190709e-01
v   5.247257e-01  -1.784181e-01  -3.562869e-01
v   6.687886e-02  -3.517087e-01  -2.025087e-01
v  -6.894566e-01  -1.198343e-01  -1.643845e-01
v   1.976026e-01   1.546894e-01  -4.393432e-01
v   3.499477e-02   1.054385e-01   2.878496e-01
v   1.203949e-01  -2.832539e-02   3.499792e-01
v   1.054569e-01  -3.161817e-01  -2.888559e-01
v   3.586304e-02  -2.908733e-01  -2.550272e-01
v   3.485569e-01   1.210612e-01   3.675176e-01
v  -2.970204e-01  -2.810839e-01   2.635198e-01
v   6.584345e-01  -3.000318e-02   3.375828e-01
v  -1.214930e-01  -1.789793e-01  -3.205242e-01
v   1.171915e-01  -4.747578e-01  -2.627208e-02
v   4.634151e-01  -3.759995e-01   2.199600e-02
v   2.466856e-01   4.482978e-01   8.188823e-02
v  -3.683091e-01  -4.128497e-01  -1.854074e-01
v   2.965249e-01   4.625663e-01   1.061884e-01
v   3.135538e-01   4.272004e-01   3.507552e-02
v   3.157294e-01  -3.056126e-01   3.135581e-01
v   6.712554e-01   2.058895e-01   2.820306e-01
v   4.166404e-01   2.649593e-01  -3.053475e-01
v   3.397959e-01   2.833229e-01  -3.238252e-01
v   5.268738e-01   1.711067e-01  -3.463403e-01
v   1.250652e-01   3.596516e-01  -1.931550e-01
v   3.035263e-02  -4.289024e-01  -5.614712e-02
v   2.028811e-01   1.990875e-01  -4.264049e-01
v  -3.604545e-02   3.963328e-01  -9.382619e-02
v   2.714977e-01   2.597317e-01  -3.813054e-01
v  -7.931758e-01   2.309180e-01  -1.023131e-01
v   2.606601e-01  -4.247481e-01   2.561633e-01
v   3.278560e-01  -3.853587e-01   2.783317e-01
v  -3.089311e-01   4.035070e-02   2.930725e-01
v  -3.165514e-01   1.208463e-01   2.889529e-01
v   1.771061e-01  -3.948507e-01   2.662996e-01
v   7.084264e-01   8.403246e-02   2.995228e-01
v  -6.048058e-01   1.672247e-01   3.029872e-01
v  -6.840896e-01   1.653207e-01   2.868318e-01
v   2.459322e-01   4.714418e-01   2.253733e-01
v  -1.204407e-01  -1.049391e-01  -3.525513e-01
v  -3.797697e-02   1.019007e-01   2.764893e-01
v   5.388937e-01   3.014259e-01  -1.127182e-01
v   5.652127e-01   3.161136e-01  -3.767633e-02
v   4.042203e-02   4.107616e-01  -3.180352e-05
v   1.212674e-01   4.112683e-01  -5.899888e-05
v   9.755153e-02  -4.512245e-01  -7.077468e-02
v   3.147602e-02  -4.456804e-01  -2.453200e-02
v  -6.379555e-01   3.557591e-01   1.641055e-01
v  -3.568926e-02   4.085112e-01  -1.880226e-02
v  -1.070624e-01   4.050568e-01  -5.646362e-02
v  -2.208702e-01  -4.000556e-01  -3.996700e-02
v   1.403202e-01  -5.101617e-01   5.014226e-02
v  -2.718613e-01  -4.165622e-01  -1.185611e-01
v  -2.792733e-01  -4.324198e-01  -3.975022e-02
v   2.689214e-01   1.924911e-01  -4.315253e-01
v   2.087522e-01   2.393035e-01  -4.051439e-01
v  -3.364940e-01  -2.587060e-01  -2.891506e-01
v   2.398533e-01  -1.875184e-01   3.400726e-01
v  -1.625748e-01  -1.478290e-01   2.432988e-01
v  -2.409457e-01  -1.491984e-01   2.621789e-01
v   2.851144e-01   3.567144e-01  -1.582575e-01
v   3.655185e-01   3.520991e-01  -1.563783e-01
v   5.258810e-01   4.039780e-01   7.280570e-02
v   5.620487e-01   3.516321e-01   2.349007e-02
v   2.634150e-01   1.489029e-01  -4.473950e-01
v   1.934716e-01   1.092450e-01  -4.437556e-01
v  -2.717794e-02  -4.136336e-01  -1.522858e-02
v  -7.975554e-02  -3.598697e-01  -4.433437e-02
v  -4.620033e-01  -4.599979e-01  -4.060331e-02