179.000000 0.0000000 0.0000000 0.0000000 0.0000000 0.0000000 0.0000000 1.0000000
249.000000 0.1243990 -0.0063946 0.0066790 -0.0029717 -0.0582771 -0.0036153 0.9982895
265.000000 0.1523686 -0.0072371 0.0114852 -0.0033380 -0.0715141 -0.0036222 0.9974274
1177.000000 1.0671716 -0.0189946 1.2206277 -0.0118507 -0.7552448 -0.0021176 0.6553323
1292.000000 1.0138370 -0.0161975 1.4366806 -0.0126228 -0.8188136 -0.0010185 0.5739198
1322.000000 0.9951388 -0.0116326 1.4902320 -0.0111704 -0.8335797 0.0003064 0.5522861
1337.000000 0.9843930 -0.0126742 1.5164230 -0.0118447 -0.8407085 0.0000008 0.5413584
1382.000000 0.9522970 -0.0106999 1.5916591 -0.0133113 -0.8604144 0.0014204 0.5094191
1397.000000 0.9424641 -0.0102194 1.6152234 0.0140037 0.8662162 -0.0018501 -0.4994697
1428.000000 0.9322115 -0.0114655 1.6650401 0.0185120 0.8766522 -0.0031801 -0.4807578
1459.000000 0.9040828 -0.0082912 1.7112256 0.0219267 0.8879871 -0.0059503 -0.4593069
1474.000000 0.8894520 -0.0087639 1.7343349 0.0245474 0.8934839 -0.0066110 -0.4483750
1488.000000 0.8768812 -0.0088775 1.7545519 0.0272247 0.8981083 -0.0074802 -0.4388672
1502.000000 0.8661374 -0.0075163 1.7754861 0.0298982 0.9024727 -0.0090190 -0.4296135
1516.000000 0.8550834 -0.0078161 1.7964041 0.0313856 0.9067693 -0.0091304 -0.4203582
1531.000000 0.8479054 -0.0070158 1.8216352 0.0344437 0.9109508 -0.0103555 -0.4109440
1546.000000 0.8341825 -0.0046748 1.8445139 0.0366311 0.9155093 -0.0118655 -0.4004497
1560.000000 0.8242162 -0.0038797 1.8676503 0.0387400 0.9194699 -0.0125687 -0.3910452
1575.000000 0.8139698 -0.0025566 1.8937119 0.0421984 0.9235612 -0.0139343 -0.3808672
1589.000000 0.8002736 -0.0007437 1.9088976 0.0443289 0.9267361 -0.0151400 -0.3727813
1607.000000 0.7836612 0.0044651 1.9315681 0.0435952 0.9310234 -0.0166263 -0.3619647
1622.000000 0.7669724 0.0087301 1.9491322 0.0435662 0.9346481 -0.0180598 -0.3524326
1639.000000 0.7573881 0.0139861 1.9741637 0.0456304 0.9379386 -0.0204422 -0.3431781
1656.000000 0.7266582 0.0147564 1.9877841 0.0441317 0.9426328 -0.0196496 -0.3303176
1672.000000 0.7073503 0.0226004 2.0044405 0.0457295 0.9460027 -0.0231789 -0.3200789
1687.000000 0.6847233 0.0193278 2.0184116 0.0430687 0.9496440 -0.0203788 -0.3096870
1703.000000 0.6793986 0.0042782 2.0608723 0.0399671 0.9533434 -0.0112687 -0.2990184
3702.000000 -0.1490314 -0.0046317 0.0089742 -0.0026381 0.0700404 -0.0045986 0.9975300
3719.000000 -0.1176138 -0.0042078 0.0053852 -0.0023489 0.0552680 -0.0044193 0.9984590
3763.000000 -0.0361237 -0.0053926 -0.0004044 -0.0027710 0.0170301 -0.0042995 0.9998419
3778.000000 -0.0079788 -0.0054093 -0.0009128 -0.0026958 0.0038352 -0.0038044 0.9999818
3792.000000 0.0182990 -0.0057128 -0.0008341 -0.0028026 -0.0084713 -0.0039083 0.9999526
3806.000000 0.0446412 -0.0061901 -0.0003024 -0.0029950 -0.0208051 -0.0041193 0.9997706
3820.000000 0.0694964 -0.0070811 0.0017210 -0.0033659 -0.0324791 -0.0041711 0.9994580
3834.000000 0.0962228 -0.0068349 0.0038604 -0.0032096 -0.0450263 -0.0039019 0.9989730
3848.000000 0.1215328 -0.0074856 0.0066823 -0.0034919 -0.0569406 -0.0038249 0.9983642
3861.000000 0.1452570 -0.0070049 0.0109039 -0.0032303 -0.0681834 -0.0036046 0.9976611
3878.000000 0.1775728 -0.0077559 0.0152070 -0.0035481 -0.0834652 -0.0035800 0.9964979
3894.000000 0.2065762 -0.0074918 0.0205492 -0.0033935 -0.0972351 -0.0032976 0.9952502
3940.000000 0.2891303 -0.0076554 0.0414413 -0.0033956 -0.1368925 -0.0030795 0.9905753
3968.000000 0.3368017 -0.0073952 0.0574525 -0.0032032 -0.1601981 -0.0030693 0.9870749
3982.000000 0.3630110 -0.0061833 0.0659610 -0.0027072 -0.1729999 -0.0021434 0.9849158
3997.000000 0.3854352 -0.0050502 0.0766802 -0.0022075 -0.1843917 -0.0017859 0.9828487
4012.000000 0.4121526 -0.0072308 0.0864408 -0.0031476 -0.1975205 -0.0025122 0.9802905
4026.000000 0.4335330 -0.0062998 0.0976501 -0.0027359 -0.2085875 -0.0021513 0.9779975
4129.000000 0.5961437 -0.0003332 0.1892296 -0.0003423 -0.2936928 0.0004840 0.9558997
4144.000000 0.6175615 0.0016162 0.2051348 0.0004800 -0.3056693 0.0010319 0.9521371
4158.000000 0.6375600 0.0010418 0.2198500 0.0002084 -0.3167779 0.0009121 0.9484993
4188.000000 0.6798993 0.0018158 0.2535976 0.0004305 -0.3408779 0.0013521 0.9401065
4203.000000 0.6998090 0.0005694 0.2706119 -0.0000736 -0.3524422 0.0009283 0.9358332
4218.000000 0.7169290 0.0024781 0.2870020 0.0005727 -0.3628169 0.0018049 0.9318585
4234.000000 0.7368059 0.0019699 0.3068102 0.0004766 -0.3750852 0.0013393 0.9269893
4264.000000 0.7691308 0.0045223 0.3406929 0.0014216 -0.3953687 0.0022155 0.9185187
4358.000000 0.8675942 0.0050300 0.4565897 0.0014560 -0.4599376 0.0024458 0.8879467
4390.000000 0.8957484 0.0032888 0.4946744 0.0008097 -0.4794077 0.0017336 0.8775902
4423.000000 0.9267997 0.0043487 0.5405536 0.0011922 -0.5019582 0.0019991 0.8648887
4440.000000 0.9416434 0.0003593 0.5642207 -0.0004786 -0.5131632 0.0009906 0.8582903
4473.000000 0.9744970 -0.0161993 0.6261426 -0.0076971 -0.5411129 -0.0027347 0.8409103
4489.000000 0.9883858 -0.0131557 0.6517008 -0.0063596 -0.5524288 -0.0021169 0.8335332
4515.000000 1.0073797 -0.0165263 0.6933965 -0.0077692 -0.5700183 -0.0030189 0.8215897
4548.000000 1.0318356 -0.0239245 0.7600925 -0.0114593 -0.5968999 -0.0041646 0.8022231
4612.000000 1.0618509 -0.0248454 0.8987189 -0.0128363 -0.6487008 -0.0036610 0.7609265
4629.000000 1.0663223 -0.0255666 0.9336348 -0.0132515 -0.6611002 -0.0038864 0.7501705
4663.000000 1.0739477 -0.0235814 0.9983740 -0.0127220 -0.6835275 -0.0033347 0.7298063
4682.000000 1.0756954 -0.0238327 1.0362397 -0.0130912 -0.6962776 -0.0032736 0.7176458
4702.000000 1.0762674 -0.0238271 1.0761690 -0.0134205 -0.7094970 -0.0031467 0.7045736
4762.000000 1.0707669 -0.0193347 1.1909492 -0.0120024 -0.7460780 -0.0020587 0.6657472
4781.000000 1.0659968 -0.0198106 1.2279420 -0.0123679 -0.7574791 -0.0022479 0.6527385
4799.000000 1.0608907 -0.0179168 1.2626261 -0.0119506 -0.7679972 -0.0015912 0.6403397
4819.000000 1.0528690 -0.0180290 1.3007402 -0.0123303 -0.7794281 -0.0015528 0.6263683
4840.000000 1.0446243 -0.0154388 1.3396511 -0.0111899 -0.7908395 -0.0010651 0.6119204
4862.000000 1.0321573 -0.0161289 1.3810081 -0.0112284 -0.8029290 -0.0016548 0.5959666
4882.000000 1.0223874 -0.0148097 1.4166325 -0.0120840 -0.8129725 -0.0004857 0.5821764
4923.000000 0.9928168 -0.0128809 1.4921327 -0.0115190 -0.8342736 -0.0001758 0.5512303
4938.000000 0.9840571 -0.0128248 1.5181997 -0.0118570 -0.8411534 -0.0000748 0.5406666
4956.000000 0.9696292 -0.0113692 1.5489315 -0.0121300 -0.8495258 0.0006915 0.5274071
4975.000000 0.9556906 -0.0107267 1.5800360 -0.0121254 -0.8576595 0.0007948 0.5140746
4994.000000 0.9461009 -0.0099398 1.6104996 -0.0134039 -0.8648716 0.0017290 0.5018113
5013.000000 0.9374622 -0.0099679 1.6408207 0.0152051 0.8716521 -0.0024678 -0.4898831
5032.000000 0.9220458 -0.0087761 1.6706583 0.0173834 0.8789263 -0.0039578 -0.4766242
5052.000000 0.9034595 -0.0072365 1.7009852 0.0207796 0.8864190 -0.0060518 -0.4623775
5071.000000 0.8941054 -0.0087011 1.7307227 0.0241924 0.8923354 -0.0065926 -0.4506760
5089.000000 0.8750301 -0.0080090 1.7555897 0.0265641 0.8985164 -0.0076148 -0.4380692
5107.000000 0.8629701 -0.0080961 1.7834046 0.0300487 0.9040046 -0.0086264 -0.4263781
5125.000000 0.8466128 -0.0077254 1.8107753 0.0336405 0.9097195 -0.0098172 -0.4137419
5144.000000 0.8325251 -0.0042183 1.8398503 0.0361331 0.9151598 -0.0119592 -0.4012903
5162.000000 0.8178844 -0.0017926 1.8686438 0.0388345 0.9203597 -0.0135270 -0.3889049
5180.000000 0.8013397 -0.0023747 1.8941031 0.0438704 0.9250611 -0.0145049 -0.3769973
5197.000000 0.7921018 0.0013555 1.9196538 0.0442774 0.9288437 -0.0157211 -0.3674803
5214.000000 0.7801842 0.0059054 1.9428058 0.0452045 0.9324672 -0.0175589 -0.3579848
5230.000000 0.7617359 0.0131826 1.9602333 0.0427464 0.9363246 -0.0194639 -0.3479801
5246.000000 0.7439833 0.0139344 1.9808482 0.0452218 0.9400439 -0.0200423 -0.3374475
5263.000000 0.7469817 0.0245466 2.0215940 0.0441079 0.9431130 -0.0232231 -0.3287141
5283.000000 0.6929415 0.0126327 2.0253310 0.0427340 0.9493362 -0.0170083 -0.3108784
7186.000000 -0.3590436 -0.0103274 0.0634495 -0.0062102 0.1711233 -0.0045283 0.9852197
