653.000000 0.0000000 0.0000000 0.0000000 0.0000000 0.0000000 0.0000000 1.0000000
3038.000000 0.3467312 0.0285016 0.0924196 0.0177170 -0.1359453 -0.0235019 0.9902791
3103.000000 0.3624793 0.0399461 0.0991924 0.0237913 -0.1431188 -0.0237578 0.9891343
3612.000000 0.5177418 0.0062123 0.1461084 0.0090068 -0.2149223 -0.0238052 0.9762994
3815.000000 0.4941881 0.0069633 0.1903642 0.0097068 -0.2141109 -0.0245646 0.9764522
4352.000000 0.4337788 0.0070874 0.3044067 0.0106560 -0.2100137 -0.0262168 0.9772888
5330.000000 0.3360558 0.0064598 0.5211054 0.0120127 -0.2098634 -0.0255224 0.9773237
5389.000000 0.3301099 0.0060637 0.5339522 0.0118301 -0.2097309 -0.0256673 0.9773506
5825.000000 0.2869762 0.0057487 0.6308285 0.0128843 -0.2100752 -0.0252306 0.9772747
6429.000000 0.2282904 -0.0043480 0.7683052 0.0008962 -0.2145801 -0.0286874 0.9762846
6509.000000 0.2216447 -0.0019772 0.7870854 0.0044189 -0.2173990 -0.0270073 0.9756991
6651.000000 0.2085015 -0.0019915 0.8197958 0.0042419 -0.2208633 -0.0268216 0.9749267
6844.000000 0.1886561 -0.0037833 0.8640291 -0.0000409 -0.2229953 -0.0286143 0.9743994
7037.000000 0.1782288 0.0105848 0.9134524 0.0427888 -0.2569767 -0.0184870 0.9652929
7040.000000 0.1773991 0.0104759 0.9137554 0.0424777 -0.2552334 -0.0182391 0.9657737
7047.000000 0.1767077 0.0099868 0.9153177 0.0413484 -0.2557865 -0.0183704 0.9656739
